<?xml version="1.0" encoding="utf-8"?>
<COLLADA xmlns="http://www.collada.org/2005/11/COLLADASchema" version="1.4.1">
  <asset>
    <contributor>
      <author>Mixamo</author>
      <authoring_tool>COLLADA Mixamo exporter</authoring_tool>
      <comments/>
    </contributor>
    <created>2023-06-27T14:26:37Z</created>
    <modified>2023-06-27T14:26:37Z</modified>
    <revision/>
    <title/>
    <unit meter="0.010000"/>
    <up_axis>Y_UP</up_axis>
  </asset>
  <library_animations>
    <animation id="mixamorig6_Hips-anim" name="mixamorig6_Hips">
      <source id="mixamorig6_Hips-Matrix-animation-input">
        <float_array id="mixamorig6_Hips-Matrix-animation-input-array" count="110">

0.000000 0.033333 0.066667 0.100000 0.133333 0.166667 0.200000 0.233333 0.266667 0.300000 0.333333 0.366667 0.400000 0.433333 0.466667 0.500000
0.533333 0.566667 0.600000 0.633333 0.666667 0.700000 0.733333 0.766667 0.800000 0.833333 0.866667 0.900000 0.933333 0.966667 1.000000 1.033333
1.066667 1.100000 1.133333 1.166667 1.200000 1.233333 1.266667 1.300000 1.333333 1.366667 1.400000 1.433333 1.466667 1.500000 1.533333 1.566667
1.600000 1.633333 1.666667 1.700000 1.733333 1.766667 1.800000 1.833333 1.866667 1.900000 1.933333 1.966667 2.000000 2.033333 2.066667 2.100000
2.133333 2.166667 2.200000 2.233333 2.266667 2.300000 2.333333 2.366667 2.400000 2.433333 2.466667 2.500000 2.533333 2.566667 2.600000 2.633333
2.666667 2.700000 2.733333 2.766667 2.800000 2.833333 2.866667 2.900000 2.933333 2.966667 3.000000 3.033333 3.066667 3.100000 3.133333 3.166667
3.200000 3.233333 3.266667 3.300000 3.333333 3.366667 3.400000 3.433333 3.466667 3.500000 3.533333 3.566667 3.600000 3.633333</float_array>
        <technique_common>
          <accessor source="#mixamorig6_Hips-Matrix-animation-input-array" count="110">
            <param name="TIME" type="float"/>
          </accessor>
        </technique_common>
      </source>
      <source id="mixamorig6_Hips-Matrix-animation-output-transform">
        <float_array id="mixamorig6_Hips-Matrix-animation-output-transform-array" count="1760">

0.628423 0.016754 -0.777691 -2.518699 -0.089267 0.994716 -0.050704 51.484344 0.772733 0.101286 0.626598 1.113383 0.000000 0.000000 0.000000 1.000000
0.622561 0.002346 -0.782568 -2.211571 -0.084784 0.994312 -0.064468 52.036655 0.777965 0.106485 0.619219 1.420939 0.000000 0.000000 0.000000 1.000000
0.619151 -0.014877 -0.785131 -1.840778 -0.082012 0.993128 -0.083493 52.523865 0.780978 0.116085 0.613676 1.657273 0.000000 0.000000 0.000000 1.000000
0.618205 -0.030798 -0.785413 -1.431329 -0.081348 0.991359 -0.102903 52.839970 0.781796 0.127507 0.610358 1.814669 0.000000 0.000000 0.000000 1.000000
0.618661 -0.042231 -0.784522 -1.005736 -0.081809 0.989663 -0.117787 52.912552 0.781387 0.137051 0.608811 1.886562 0.000000 0.000000 0.000000 1.000000
0.618699 -0.047426 -0.784196 -0.598047 -0.082059 0.988815 -0.124542 52.741302 0.781331 0.141404 0.607887 1.892992 0.000000 0.000000 0.000000 1.000000
0.618535 -0.045795 -0.784422 -0.258833 -0.080813 0.989299 -0.121479 52.387962 0.781590 0.138530 0.608215 1.880971 0.000000 0.000000 0.000000 1.000000
0.620073 -0.037671 -0.783639 -0.041386 -0.077467 0.991025 -0.108939 51.929310 0.780710 0.128256 0.611590 1.883929 0.000000 0.000000 0.000000 1.000000
0.623640 -0.024808 -0.781318 0.019476 -0.072447 0.993360 -0.089368 51.434059 0.778347 0.112337 0.617702 1.893015 0.000000 0.000000 0.000000 1.000000
0.628282 -0.011155 -0.777906 -0.090428 -0.066308 0.995491 -0.067830 50.958084 0.775155 0.094197 0.624709 1.868524 0.000000 0.000000 0.000000 1.000000
0.634111 0.000242 -0.773242 -0.339911 -0.061950 0.996801 -0.050490 50.600807 0.770757 0.079919 0.632097 1.800750 0.000000 0.000000 0.000000 1.000000
0.642325 0.008845 -0.766381 -0.671029 -0.062301 0.997227 -0.040707 50.455093 0.763896 0.073893 0.641095 1.693409 0.000000 0.000000 0.000000 1.000000
0.652224 0.015182 -0.757874 -1.029755 -0.066643 0.997077 -0.037379 50.552788 0.755091 0.074886 0.651329 1.542585 0.000000 0.000000 0.000000 1.000000
0.660221 0.017793 -0.750860 -1.385335 -0.070255 0.996799 -0.038154 50.874287 0.747778 0.077942 0.659358 1.332216 0.000000 0.000000 0.000000 1.000000
0.663541 0.014157 -0.748006 -1.706048 -0.070874 0.996514 -0.044011 51.355736 0.744776 0.082217 0.662231 1.059617 0.000000 0.000000 0.000000 1.000000
0.663146 0.003618 -0.748482 -1.960835 -0.070743 0.995815 -0.057864 51.872936 0.745140 0.091321 0.660626 0.735520 0.000000 0.000000 0.000000 1.000000
0.661779 -0.011254 -0.749615 -2.135481 -0.072800 0.994197 -0.079196 52.291531 0.746156 0.106982 0.657120 0.381725 0.000000 0.000000 0.000000 1.000000
0.661173 -0.025597 -0.749797 -2.238258 -0.077340 0.991768 -0.102056 52.500160 0.746236 0.125466 0.653750 0.015848 0.000000 0.000000 0.000000 1.000000
0.661822 -0.033856 -0.748896 -2.282790 -0.083376 0.989458 -0.118413 52.462631 0.745010 0.140808 0.652022 -0.335941 0.000000 0.000000 0.000000 1.000000
0.663654 -0.032445 -0.747336 -2.295533 -0.089761 0.988386 -0.122621 52.219498 0.742635 0.148459 0.653034 -0.649061 0.000000 0.000000 0.000000 1.000000
0.666046 -0.021952 -0.745588 -2.311297 -0.095001 0.988930 -0.113982 51.847824 0.739836 0.146748 0.656587 -0.904680 0.000000 0.000000 0.000000 1.000000
0.667954 -0.007314 -0.744167 -2.345085 -0.097515 0.990470 -0.097263 51.410019 0.737786 0.137535 0.660875 -1.079032 0.000000 0.000000 0.000000 1.000000
0.668178 0.005611 -0.743981 -2.378431 -0.097228 0.992055 -0.079839 50.947701 0.737621 0.125682 0.663414 -1.132095 0.000000 0.000000 0.000000 1.000000
0.665550 0.014530 -0.746211 -2.382145 -0.096079 0.993159 -0.066355 50.525433 0.740143 0.115858 0.662394 -1.018227 0.000000 0.000000 0.000000 1.000000
0.659498 0.020130 -0.751436 -2.342009 -0.095765 0.993746 -0.057427 50.245441 0.745581 0.109835 0.657302 -0.738410 0.000000 0.000000 0.000000 1.000000
0.650580 0.022894 -0.759093 -2.259510 -0.095570 0.994067 -0.051928 50.189945 0.753401 0.106330 0.648908 -0.366253 0.000000 0.000000 0.000000 1.000000
0.640739 0.022781 -0.767421 -2.131399 -0.093723 0.994405 -0.048733 50.374542 0.762017 0.103150 0.639289 0.011292 0.000000 0.000000 0.000000 1.000000
0.632500 0.019770 -0.774308 -1.937871 -0.090719 0.994685 -0.048708 50.750401 0.769229 0.101052 0.630932 0.363926 0.000000 0.000000 0.000000 1.000000
0.627365 0.013118 -0.778615 -1.667452 -0.088170 0.994625 -0.054285 51.210442 0.773718 0.102706 0.625149 0.684776 0.000000 0.000000 0.000000 1.000000
0.624887 0.002188 -0.780712 -1.322875 -0.086286 0.994063 -0.066278 51.625336 0.775932 0.108781 0.621366 0.961492 0.000000 0.000000 0.000000 1.000000
0.623153 -0.012401 -0.782002 -0.918119 -0.083622 0.993086 -0.082384 51.886696 0.777617 0.116731 0.617808 1.180922 0.000000 0.000000 0.000000 1.000000
0.619686 -0.027529 -0.784367 -0.482512 -0.079719 0.992008 -0.097797 51.942341 0.780791 0.123132 0.612539 1.339857 0.000000 0.000000 0.000000 1.000000
0.613214 -0.037835 -0.789011 -0.064818 -0.076045 0.991385 -0.106641 51.802612 0.786248 0.125394 0.605054 1.434251 0.000000 0.000000 0.000000 1.000000
0.606068 -0.038834 -0.794464 0.282730 -0.073969 0.991728 -0.104905 51.531975 0.791966 0.122345 0.598182 1.473722 0.000000 0.000000 0.000000 1.000000
0.602502 -0.030546 -0.797533 0.514172 -0.072453 0.993048 -0.092769 51.192776 0.794822 0.113677 0.596100 1.475727 0.000000 0.000000 0.000000 1.000000
0.603761 -0.017528 -0.796973 0.604076 -0.069708 0.994768 -0.074686 50.820522 0.794112 0.100648 0.599380 1.447346 0.000000 0.000000 0.000000 1.000000
0.608212 -0.005610 -0.793754 0.556375 -0.065773 0.996180 -0.057439 50.463131 0.791045 0.087142 0.605520 1.391603 0.000000 0.000000 0.000000 1.000000
0.614672 0.002154 -0.788780 0.391530 -0.062661 0.996969 -0.046107 50.201557 0.786290 0.077767 0.612944 1.305166 0.000000 0.000000 0.000000 1.000000
0.622899 0.006888 -0.782272 0.135887 -0.062194 0.997232 -0.040742 50.111881 0.779826 0.074031 0.621604 1.178113 0.000000 0.000000 0.000000 1.000000
0.632189 0.010920 -0.774738 -0.185437 -0.063231 0.997293 -0.037539 50.222618 0.772230 0.072719 0.631168 1.010383 0.000000 0.000000 0.000000 1.000000
0.640572 0.014459 -0.767762 -0.552014 -0.062163 0.997518 -0.033079 50.524529 0.765378 0.068916 0.639880 0.816856 0.000000 0.000000 0.000000 1.000000
0.645802 0.015716 -0.763343 -0.932416 -0.057979 0.997911 -0.028506 50.968765 0.761301 0.062667 0.645364 0.603418 0.000000 0.000000 0.000000 1.000000
0.648062 0.013772 -0.761463 -1.269594 -0.055375 0.998042 -0.029077 51.455551 0.759572 0.061010 0.647556 0.359077 0.000000 0.000000 0.000000 1.000000
0.649890 0.009888 -0.759964 -1.523493 -0.058602 0.997591 -0.037134 51.868221 0.757765 0.068668 0.648904 0.070181 0.000000 0.000000 0.000000 1.000000
0.652513 0.006144 -0.757753 -1.708163 -0.066007 0.996627 -0.048760 52.107853 0.754897 0.081834 0.650718 -0.266232 0.000000 0.000000 0.000000 1.000000
0.654980 0.004885 -0.755630 -1.840990 -0.074698 0.995500 -0.058313 52.138023 0.751945 0.094638 0.652398 -0.616376 0.000000 0.000000 0.000000 1.000000
0.656219 0.007282 -0.754535 -1.933582 -0.082424 0.994662 -0.062085 51.952877 0.750055 0.102933 0.653316 -0.951220 0.000000 0.000000 0.000000 1.000000
0.656261 0.013681 -0.754410 -1.998933 -0.087830 0.994424 -0.058369 51.590366 0.749405 0.104565 0.653803 -1.244380 0.000000 0.000000 0.000000 1.000000
0.656057 0.024693 -0.754308 -2.060939 -0.091594 0.994682 -0.047101 51.121593 0.749133 0.099991 0.654829 -1.456666 0.000000 0.000000 0.000000 1.000000
0.655936 0.040041 -0.753754 -2.135547 -0.095576 0.994960 -0.030319 50.617760 0.748741 0.091929 0.656457 -1.546990 0.000000 0.000000 0.000000 1.000000
0.654469 0.056279 -0.753992 -2.201905 -0.099785 0.994932 -0.012351 50.154026 0.749475 0.083320 0.656768 -1.485655 0.000000 0.000000 0.000000 1.000000
0.649813 0.067791 -0.757065 -2.223701 -0.102017 0.994782 0.001513 49.787155 0.753217 0.076250 0.653338 -1.291326 0.000000 0.000000 0.000000 1.000000
0.641836 0.071748 -0.763478 -2.168863 -0.101414 0.994810 0.008231 49.576370 0.760107 0.072144 0.645781 -1.006611 0.000000 0.000000 0.000000 1.000000
0.632580 0.070687 -0.771263 -2.028287 -0.100064 0.994939 0.009116 49.578156 0.768004 0.071409 0.636451 -0.664978 0.000000 0.000000 0.000000 1.000000
0.624438 0.068254 -0.778086 -1.822052 -0.099565 0.995004 0.007378 49.804409 0.774702 0.072863 0.628114 -0.287778 0.000000 0.000000 0.000000 1.000000
0.617977 0.064118 -0.783577 -1.574195 -0.099123 0.995070 0.003250 50.198437 0.779923 0.075662 0.621286 0.096274 0.000000 0.000000 0.000000 1.000000
0.612397 0.055148 -0.788625 -1.288755 -0.097194 0.995248 -0.005878 50.648972 0.784553 0.080249 0.614847 0.451960 0.000000 0.000000 0.000000 1.000000
0.607000 0.040217 -0.793684 -0.952237 -0.093478 0.995399 -0.021053 51.038715 0.789185 0.086971 0.607966 0.770401 0.000000 0.000000 0.000000 1.000000
0.601069 0.021926 -0.798897 -0.565619 -0.088211 0.995336 -0.039050 51.278748 0.794314 0.093943 0.600199 1.058862 0.000000 0.000000 0.000000 1.000000
0.593075 0.004702 -0.805134 -0.159494 -0.081413 0.995208 -0.054158 51.321156 0.801021 0.097668 0.590615 1.313223 0.000000 0.000000 0.000000 1.000000
0.582240 -0.007517 -0.812982 0.223666 -0.073695 0.995353 -0.061982 51.173077 0.809670 0.096001 0.578980 1.522896 0.000000 0.000000 0.000000 1.000000
0.571568 -0.012314 -0.820462 0.544452 -0.066119 0.995945 -0.061009 50.890209 0.817887 0.089119 0.568436 1.689038 0.000000 0.000000 0.000000 1.000000
0.566232 -0.009239 -0.824194 0.768671 -0.059480 0.996872 -0.052039 50.536072 0.822097 0.078489 0.563912 1.820893 0.000000 0.000000 0.000000 1.000000
0.567629 -0.000410 -0.823285 0.866315 -0.054458 0.997791 -0.038044 50.182518 0.821482 0.066429 0.566353 1.909925 0.000000 0.000000 0.000000 1.000000
0.572371 0.009926 -0.819935 0.816440 -0.051429 0.998393 -0.023815 49.896221 0.818380 0.055799 0.571962 1.920942 0.000000 0.000000 0.000000 1.000000
0.577283 0.018200 -0.816341 0.633475 -0.050417 0.998639 -0.013389 49.740517 0.814986 0.048886 0.577415 1.835407 0.000000 0.000000 0.000000 1.000000
0.582501 0.023114 -0.812501 0.363086 -0.051040 0.998663 -0.008181 49.755947 0.811226 0.046236 0.582902 1.660420 0.000000 0.000000 0.000000 1.000000
0.589293 0.024932 -0.807534 0.049020 -0.052340 0.998602 -0.007363 49.947670 0.806222 0.046605 0.589774 1.399306 0.000000 0.000000 0.000000 1.000000
0.597104 0.024111 -0.801802 -0.279859 -0.053586 0.998514 -0.009880 50.293015 0.800372 0.048865 0.597509 1.057293 0.000000 0.000000 0.000000 1.000000
0.604051 0.019806 -0.796699 -0.601536 -0.054749 0.998361 -0.016691 50.744263 0.795063 0.053700 0.604146 0.649595 0.000000 0.000000 0.000000 1.000000
0.609157 0.010807 -0.792976 -0.905811 -0.056375 0.997968 -0.029706 51.195835 0.791043 0.062800 0.608528 0.171482 0.000000 0.000000 0.000000 1.000000
0.613285 -0.000904 -0.789861 -1.186507 -0.060244 0.997033 -0.047918 51.529842 0.787561 0.076972 0.611411 -0.373779 0.000000 0.000000 0.000000 1.000000
0.618487 -0.010044 -0.785731 -1.440930 -0.068457 0.995428 -0.066610 51.659733 0.782808 0.094986 0.614972 -0.953297 0.000000 0.000000 0.000000 1.000000
0.626320 -0.011819 -0.779476 -1.643489 -0.081395 0.993429 -0.080464 51.576138 0.775305 0.113842 0.621242 -1.487046 0.000000 0.000000 0.000000 1.000000
0.636324 -0.005810 -0.771400 -1.775033 -0.094998 0.991770 -0.085833 51.289070 0.765550 0.127898 0.630536 -1.915723 0.000000 0.000000 0.000000 1.000000
0.645971 0.005241 -0.763344 -1.827683 -0.105089 0.991066 -0.082126 50.873764 0.756094 0.133270 0.640751 -2.203702 0.000000 0.000000 0.000000 1.000000
0.652536 0.018090 -0.757542 -1.816576 -0.110986 0.991215 -0.071931 50.439785 0.749586 0.131014 0.648811 -2.354029 0.000000 0.000000 0.000000 1.000000
0.654588 0.030801 -0.755358 -1.746651 -0.114460 0.991689 -0.058751 50.087067 0.747271 0.124916 0.652673 -2.363057 0.000000 0.000000 0.000000 1.000000
0.652103 0.040667 -0.757039 -1.615391 -0.115378 0.992252 -0.046082 49.836876 0.749299 0.117396 0.651743 -2.217781 0.000000 0.000000 0.000000 1.000000
0.646266 0.044354 -0.761822 -1.417822 -0.111348 0.993106 -0.036639 49.707943 0.754945 0.108506 0.646749 -1.898298 0.000000 0.000000 0.000000 1.000000
0.639463 0.042795 -0.767630 -1.175377 -0.102573 0.994273 -0.030016 49.725800 0.761949 0.097932 0.640190 -1.432292 0.000000 0.000000 0.000000 1.000000
0.634268 0.042123 -0.771964 -0.899292 -0.094701 0.995228 -0.023503 49.955048 0.767291 0.088013 0.635231 -0.854550 0.000000 0.000000 0.000000 1.000000
0.631708 0.044956 -0.773902 -0.605300 -0.091224 0.995692 -0.016623 50.384090 0.769820 0.081099 0.633087 -0.249538 0.000000 0.000000 0.000000 1.000000
0.631536 0.046320 -0.773962 -0.299397 -0.089956 0.995850 -0.013803 50.922310 0.770111 0.078339 0.633082 0.311099 0.000000 0.000000 0.000000 1.000000
0.633954 0.039959 -0.772338 0.015175 -0.086967 0.996013 -0.019852 51.440578 0.768466 0.079753 0.634901 0.819679 0.000000 0.000000 0.000000 1.000000
0.638620 0.026162 -0.769077 0.331340 -0.081116 0.996143 -0.033471 51.816860 0.765235 0.083760 0.638279 1.283147 0.000000 0.000000 0.000000 1.000000
0.643207 0.010191 -0.765624 0.634114 -0.073357 0.996132 -0.048369 51.972614 0.762170 0.087275 0.641467 1.672370 0.000000 0.000000 0.000000 1.000000
0.644991 -0.003490 -0.764182 0.897294 -0.064732 0.996146 -0.059185 51.892818 0.761444 0.087641 0.642279 1.944118 0.000000 0.000000 0.000000 1.000000
0.644227 -0.012983 -0.764724 1.095177 -0.055778 0.996396 -0.063905 51.622265 0.762798 0.083824 0.641181 2.094719 0.000000 0.000000 0.000000 1.000000
0.644497 -0.017315 -0.764411 1.216177 -0.047027 0.996953 -0.062233 51.231236 0.763159 0.076057 0.641719 2.162551 0.000000 0.000000 0.000000 1.000000
0.649237 -0.016323 -0.760411 1.249707 -0.039240 0.997719 -0.054919 50.790958 0.759573 0.065494 0.647116 2.172657 0.000000 0.000000 0.000000 1.000000
0.659122 -0.011385 -0.751950 1.179006 -0.033338 0.998460 -0.044340 50.376156 0.751297 0.054294 0.657727 2.111443 0.000000 0.000000 0.000000 1.000000
0.672518 -0.004851 -0.740065 1.002300 -0.029749 0.998993 -0.033582 50.064838 0.739483 0.044601 0.671696 1.950352 0.000000 0.000000 0.000000 1.000000
0.682154 0.000681 -0.731208 0.594934 -0.030509 0.999155 -0.027531 50.087997 0.730572 0.041089 0.681598 1.726346 0.000000 0.000000 0.000000 1.000000
0.685248 0.004739 -0.728294 -0.030181 -0.035271 0.999021 -0.026686 50.403034 0.727455 0.043974 0.684745 1.505895 0.000000 0.000000 0.000000 1.000000
0.686067 0.006273 -0.727511 -0.663834 -0.040903 0.998714 -0.029962 50.795742 0.726388 0.050313 0.685441 1.258604 0.000000 0.000000 0.000000 1.000000
0.685599 0.003330 -0.727971 -1.192855 -0.046613 0.998138 -0.039334 51.223492 0.726485 0.060900 0.684478 0.973599 0.000000 0.000000 0.000000 1.000000
0.680385 -0.011558 -0.732763 -1.467150 -0.053821 0.996388 -0.065690 51.671177 0.730876 0.084132 0.677305 0.614504 0.000000 0.000000 0.000000 1.000000
0.669057 -0.028504 -0.742665 -1.913804 -0.065354 0.993137 -0.096993 52.156982 0.740332 0.113430 0.662602 0.314594 0.000000 0.000000 0.000000 1.000000
0.655359 -0.043744 -0.754050 -2.394905 -0.078288 0.989010 -0.125417 52.540947 0.751250 0.141226 0.644732 0.112583 0.000000 0.000000 0.000000 1.000000
0.644773 -0.054908 -0.762399 -2.768117 -0.089450 0.985143 -0.146599 52.761749 0.759122 0.162719 0.630282 -0.067269 0.000000 0.000000 0.000000 1.000000
0.645949 -0.054872 -0.761406 -2.796002 -0.094514 0.983991 -0.151095 52.619934 0.757507 0.169563 0.630421 -0.334499 0.000000 0.000000 0.000000 1.000000
0.652138 -0.042248 -0.756922 -2.709738 -0.097465 0.985488 -0.138978 52.195580 0.751808 0.164406 0.638557 -0.567670 0.000000 0.000000 0.000000 1.000000
0.656956 -0.023489 -0.753563 -2.685169 -0.100879 0.987788 -0.118736 51.711296 0.747149 0.154023 0.646564 -0.688311 0.000000 0.000000 0.000000 1.000000
0.659669 -0.003583 -0.751547 -2.709848 -0.102923 0.990136 -0.095061 51.225380 0.744475 0.140060 0.652794 -0.652560 0.000000 0.000000 0.000000 1.000000
0.659124 0.012598 -0.751929 -2.755116 -0.102565 0.992023 -0.073286 50.819302 0.745007 0.125426 0.655158 -0.439080 0.000000 0.000000 0.000000 1.000000
0.654197 0.022874 -0.755978 -2.794740 -0.100884 0.993250 -0.057249 50.611809 0.749566 0.113718 0.652088 -0.078874 0.000000 0.000000 0.000000 1.000000
0.645789 0.027236 -0.763030 -2.797813 -0.098453 0.993991 -0.047846 50.677685 0.757141 0.106021 0.644590 0.345079 0.000000 0.000000 0.000000 1.000000
0.636476 0.025384 -0.770879 -2.718150 -0.094419 0.994505 -0.045210 50.995937 0.765495 0.101561 0.635376 0.752168 0.000000 0.000000 0.000000 1.000000
0.628423 0.016754 -0.777691 -2.518701 -0.089267 0.994716 -0.050704 51.484352 0.772733 0.101286 0.626598 1.113382 0.000000 0.000000 0.000000 1.000000</float_array>
        <technique_common>
          <accessor source="#mixamorig6_Hips-Matrix-animation-output-transform-array" count="110" stride="16">
            <param type="float4x4"/>
          </accessor>
        </technique_common>
      </source>
      <source id="mixamorig6_Hips-Interpolations">
        <Name_array id="mixamorig6_Hips-Interpolations-array" count="110">
 LINEAR LINEAR LINEAR LINEAR LINEAR LINEAR LINEAR LINEAR LINEAR LINEAR LINEAR
LINEAR LINEAR LINEAR LINEAR LINEAR LINEAR LINEAR LINEAR LINEAR LINEAR LINEAR LINEAR
LINEAR LINEAR LINEAR LINEAR LINEAR LINEAR LINEAR LINEAR LINEAR LINEAR LINEAR LINEAR
LINEAR LINEAR LINEAR LINEAR LINEAR LINEAR LINEAR LINEAR LINEAR LINEAR LINEAR LINEAR
LINEAR LINEAR LINEAR LINEAR LINEAR LINEAR LINEAR LINEAR LINEAR LINEAR LINEAR LINEAR
LINEAR LINEAR LINEAR LINEAR LINEAR LINEAR LINEAR LINEAR LINEAR LINEAR LINEAR LINEAR
LINEAR LINEAR LINEAR LINEAR LINEAR LINEAR LINEAR LINEAR LINEAR LINEAR LINEAR LINEAR
LINEAR LINEAR LINEAR LINEAR LINEAR LINEAR LINEAR LINEAR LINEAR LINEAR LINEAR LINEAR
LINEAR LINEAR LINEAR LINEAR LINEAR LINEAR LINEAR LINEAR LINEAR LINEAR LINEAR LINEAR
LINEAR LINEAR LINEAR</Name_array>
        <technique_common>
          <accessor source="#mixamorig6_Hips-Interpolations-array" count="110">
            <param type="name"/>
          </accessor>
        </technique_common>
      </source>
      <sampler id="mixamorig6_Hips-Matrix-animation-transform">
        <input semantic="INPUT" source="#mixamorig6_Hips-Matrix-animation-input"/>
        <input semantic="OUTPUT" source="#mixamorig6_Hips-Matrix-animation-output-transform"/>
        <input semantic="INTERPOLATION" source="#mixamorig6_Hips-Interpolations"/>
      </sampler>
      <channel source="#mixamorig6_Hips-Matrix-animation-transform" target="mixamorig6_Hips/matrix"/>
    </animation>
    <animation id="mixamorig6_Spine-anim" name="mixamorig6_Spine">
      <source id="mixamorig6_Spine-Matrix-animation-input">
        <float_array id="mixamorig6_Spine-Matrix-animation-input-array" count="110">

0.000000 0.033333 0.066667 0.100000 0.133333 0.166667 0.200000 0.233333 0.266667 0.300000 0.333333 0.366667 0.400000 0.433333 0.466667 0.500000
0.533333 0.566667 0.600000 0.633333 0.666667 0.700000 0.733333 0.766667 0.800000 0.833333 0.866667 0.900000 0.933333 0.966667 1.000000 1.033333
1.066667 1.100000 1.133333 1.166667 1.200000 1.233333 1.266667 1.300000 1.333333 1.366667 1.400000 1.433333 1.466667 1.500000 1.533333 1.566667
1.600000 1.633333 1.666667 1.700000 1.733333 1.766667 1.800000 1.833333 1.866667 1.900000 1.933333 1.966667 2.000000 2.033333 2.066667 2.100000
2.133333 2.166667 2.200000 2.233333 2.266667 2.300000 2.333333 2.366667 2.400000 2.433333 2.466667 2.500000 2.533333 2.566667 2.600000 2.633333
2.666667 2.700000 2.733333 2.766667 2.800000 2.833333 2.866667 2.900000 2.933333 2.966667 3.000000 3.033333 3.066667 3.100000 3.133333 3.166667
3.200000 3.233333 3.266667 3.300000 3.333333 3.366667 3.400000 3.433333 3.466667 3.500000 3.533333 3.566667 3.600000 3.633333</float_array>
        <technique_common>
          <accessor source="#mixamorig6_Spine-Matrix-animation-input-array" count="110">
            <param name="TIME" type="float"/>
          </accessor>
        </technique_common>
      </source>
      <source id="mixamorig6_Spine-Matrix-animation-output-transform">
        <float_array id="mixamorig6_Spine-Matrix-animation-output-transform-array" count="1760">

0.998661 -0.050103 0.012862 -0.000000 0.051226 0.992464 -0.111318 6.292300 -0.007188 0.111828 0.993702 0.090600 0.000000 0.000000 0.000000 1.000000
0.998994 -0.043042 0.012608 0.000000 0.044158 0.993109 -0.108554 6.292300 -0.007849 0.109001 0.994011 0.090600 0.000000 0.000000 0.000000 1.000000
0.999252 -0.036304 0.013333 0.000000 0.037508 0.993739 -0.105245 6.292300 -0.009428 0.105666 0.994357 0.090600 0.000000 0.000000 0.000000 1.000000
0.999408 -0.031110 0.014716 -0.000000 0.032456 0.994213 -0.102409 6.292300 -0.011445 0.102826 0.994633 0.090600 0.000000 0.000000 0.000000 1.000000
0.999496 -0.027260 0.016268 0.000000 0.028769 0.994457 -0.101136 6.292300 -0.013420 0.101553 0.994740 0.090600 0.000000 0.000000 0.000000 1.000000
0.999551 -0.023777 0.018257 0.000000 0.025516 0.994471 -0.101867 6.292300 -0.015734 0.102287 0.994630 0.090600 0.000000 0.000000 0.000000 1.000000
0.999580 -0.020148 0.020836 0.000000 0.022222 0.994264 -0.104618 6.292300 -0.018609 0.105037 0.994294 0.090600 0.000000 0.000000 0.000000 1.000000
0.999584 -0.016855 0.023399 0.000000 0.019314 0.993836 -0.109162 6.292300 -0.021415 0.109569 0.993748 0.090600 0.000000 0.000000 0.000000 1.000000
0.999570 -0.014968 0.025231 0.000000 0.017767 0.993249 -0.114634 6.292300 -0.023345 0.115033 0.993087 0.090600 0.000000 0.000000 0.000000 1.000000
0.999555 -0.014046 0.026312 -0.000000 0.017092 0.992704 -0.119359 6.292300 -0.024444 0.119756 0.992502 0.090600 0.000000 0.000000 0.000000 1.000000
0.999511 -0.015472 0.027172 0.000000 0.018677 0.992358 -0.121968 6.292300 -0.025077 0.122416 0.992162 0.090600 0.000000 0.000000 0.000000 1.000000
0.999407 -0.020173 0.027895 0.000000 0.023438 0.992230 -0.122191 6.292300 -0.025214 0.122773 0.992114 0.090600 0.000000 0.000000 0.000000 1.000000
0.999230 -0.027308 0.028180 0.000000 0.030524 0.992204 -0.120830 6.292300 -0.024661 0.121598 0.992273 0.090600 0.000000 0.000000 0.000000 1.000000
0.999048 -0.033517 0.027916 -0.000000 0.036606 0.992256 -0.118690 6.292300 -0.023722 0.119599 0.992539 0.090600 0.000000 0.000000 0.000000 1.000000
0.998954 -0.036635 0.027374 0.000000 0.039563 0.992526 -0.115438 6.292300 -0.022941 0.116400 0.992937 0.090600 0.000000 0.000000 0.000000 1.000000
0.998938 -0.037408 0.026902 0.000000 0.040159 0.993088 -0.110292 6.292300 -0.022590 0.111255 0.993535 0.090600 0.000000 0.000000 0.000000 1.000000
0.998915 -0.038281 0.026528 -0.000000 0.040839 0.993767 -0.103724 6.292300 -0.022392 0.104695 0.994252 0.090600 0.000000 0.000000 0.000000 1.000000
0.998840 -0.040515 0.026019 0.000000 0.042873 0.994302 -0.097602 6.292300 -0.021916 0.098604 0.994885 0.090600 0.000000 0.000000 0.000000 1.000000
0.998687 -0.044650 0.025119 0.000000 0.046825 0.994474 -0.093964 6.292300 -0.020784 0.095017 0.995259 0.090600 0.000000 0.000000 0.000000 1.000000
0.998463 -0.050116 0.023661 0.000000 0.052133 0.994192 -0.094153 6.292300 -0.018805 0.095242 0.995276 0.090600 0.000000 0.000000 0.000000 1.000000
0.998218 -0.055631 0.021601 -0.000000 0.057497 0.993485 -0.098397 6.292300 -0.015986 0.099463 0.994913 0.090600 0.000000 0.000000 0.000000 1.000000
0.998004 -0.060202 0.019075 0.000000 0.061879 0.992547 -0.104984 6.292300 -0.012613 0.105955 0.994291 0.090600 0.000000 0.000000 0.000000 1.000000
0.997822 -0.063894 0.016391 0.000000 0.065321 0.991705 -0.110698 6.292300 -0.009182 0.111528 0.993719 0.090600 0.000000 0.000000 0.000000 1.000000
0.997633 -0.067328 0.013953 -0.000000 0.068479 0.991175 -0.113499 6.292300 -0.006188 0.114186 0.993440 0.090600 0.000000 0.000000 0.000000 1.000000
0.997469 -0.070038 0.012250 0.000000 0.070979 0.990948 -0.113951 6.292300 -0.004159 0.114532 0.993411 0.090600 0.000000 0.000000 0.000000 1.000000
0.997481 -0.069986 0.011597 -0.000000 0.070853 0.990979 -0.113758 6.292300 -0.003531 0.114293 0.993441 0.090600 0.000000 0.000000 0.000000 1.000000
0.997772 -0.065709 0.011575 0.000000 0.066600 0.991280 -0.113703 6.292300 -0.004003 0.114220 0.993447 0.090600 0.000000 0.000000 0.000000 1.000000
0.998170 -0.059361 0.011493 -0.000000 0.060282 0.991739 -0.113222 6.292300 -0.004677 0.113708 0.993503 0.090600 0.000000 0.000000 0.000000 1.000000
0.998522 -0.053142 0.011380 0.000000 0.054081 0.992284 -0.111565 6.292300 -0.005363 0.112016 0.993692 0.090600 0.000000 0.000000 0.000000 1.000000
0.998822 -0.047067 0.011835 0.000000 0.048078 0.992883 -0.108957 6.292300 -0.006623 0.109398 0.993976 0.090600 0.000000 0.000000 0.000000 1.000000
0.999099 -0.040361 0.013109 -0.000000 0.041528 0.993465 -0.106311 6.292300 -0.008733 0.106760 0.994246 0.090600 0.000000 0.000000 0.000000 1.000000
0.999331 -0.033309 0.015127 0.000000 0.034710 0.993919 -0.104496 6.292300 -0.011555 0.104951 0.994410 0.090600 0.000000 0.000000 0.000000 1.000000
0.999494 -0.026334 0.017861 -0.000000 0.028058 0.994146 -0.104338 6.292300 -0.015009 0.104787 0.994381 0.090600 0.000000 0.000000 0.000000 1.000000
0.999580 -0.020098 0.020872 0.000000 0.022213 0.994056 -0.106582 6.292300 -0.018606 0.107001 0.994085 0.090600 0.000000 0.000000 0.000000 1.000000
0.999615 -0.014872 0.023409 0.000000 0.017387 0.993649 -0.111177 6.292300 -0.021607 0.111541 0.993525 0.090600 0.000000 0.000000 0.000000 1.000000
0.999622 -0.010660 0.025342 0.000000 0.013549 0.993073 -0.116716 6.292300 -0.023922 0.117016 0.992842 0.090600 0.000000 0.000000 0.000000 1.000000
0.999602 -0.007995 0.027043 0.000000 0.011214 0.992582 -0.121061 6.292300 -0.025875 0.121316 0.992277 0.090600 0.000000 0.000000 0.000000 1.000000
0.999563 -0.007663 0.028537 -0.000000 0.011118 0.992349 -0.122963 6.292300 -0.027376 0.123227 0.992001 0.090600 0.000000 0.000000 0.000000 1.000000
0.999518 -0.009905 0.029428 0.000000 0.013452 0.992329 -0.122890 6.292300 -0.027985 0.123227 0.991984 0.090600 0.000000 0.000000 0.000000 1.000000
0.999478 -0.013368 0.029402 0.000000 0.016865 0.992371 -0.122125 6.292300 -0.027545 0.122557 0.992079 0.090600 0.000000 0.000000 0.000000 1.000000
0.999467 -0.015747 0.028603 0.000000 0.019113 0.992407 -0.121503 6.292300 -0.026472 0.121985 0.992179 0.090600 0.000000 0.000000 0.000000 1.000000
0.999491 -0.016156 0.027499 -0.000000 0.019364 0.992498 -0.120716 6.292300 -0.025342 0.121187 0.992306 0.090600 0.000000 0.000000 0.000000 1.000000
0.999514 -0.016716 0.026301 0.000000 0.019727 0.992732 -0.118721 6.292300 -0.024125 0.119182 0.992579 0.090600 0.000000 0.000000 0.000000 1.000000
0.999507 -0.019253 0.024785 -0.000000 0.021990 0.993080 -0.115367 6.292300 -0.022393 0.115855 0.993014 0.090600 0.000000 0.000000 0.000000 1.000000
0.999487 -0.022292 0.022981 0.000000 0.024727 0.993429 -0.111751 6.292300 -0.020339 0.112262 0.993470 0.090600 0.000000 0.000000 0.000000 1.000000
0.999441 -0.025578 0.021521 -0.000000 0.027778 0.993647 -0.109057 6.292300 -0.018595 0.109593 0.993803 0.090600 0.000000 0.000000 0.000000 1.000000
0.999340 -0.029628 0.021030 0.000000 0.031734 0.993632 -0.108113 6.292300 -0.017693 0.108709 0.993916 0.090600 0.000000 0.000000 0.000000 1.000000
0.999158 -0.034981 0.021418 0.000000 0.037125 0.993282 -0.109601 6.292300 -0.017441 0.110304 0.993745 0.090600 0.000000 0.000000 0.000000 1.000000
0.998899 -0.041505 0.021853 0.000000 0.043725 0.992577 -0.113481 6.292300 -0.016981 0.114312 0.993300 0.090600 0.000000 0.000000 0.000000 1.000000
0.998605 -0.048243 0.021483 0.000000 0.050456 0.991683 -0.118404 6.292300 -0.015593 0.119323 0.992733 0.090600 0.000000 0.000000 0.000000 1.000000
0.998338 -0.053945 0.020272 0.000000 0.056031 0.990882 -0.122530 6.292300 -0.013477 0.123462 0.992258 0.090600 0.000000 0.000000 0.000000 1.000000
0.998173 -0.057363 0.018991 -0.000000 0.059292 0.990399 -0.124876 6.292300 -0.011645 0.125774 0.991991 0.090600 0.000000 0.000000 0.000000 1.000000
0.998151 -0.057946 0.018339 0.000000 0.059797 0.990272 -0.125643 6.292300 -0.010880 0.126507 0.991906 0.090600 0.000000 0.000000 0.000000 1.000000
0.998203 -0.057148 0.018024 0.000000 0.058964 0.990336 -0.125532 6.292300 -0.010676 0.126369 0.991926 0.090600 0.000000 0.000000 0.000000 1.000000
0.998305 -0.055496 0.017526 0.000000 0.057255 0.990516 -0.124900 6.292300 -0.010428 0.125691 0.992015 0.090600 0.000000 0.000000 0.000000 1.000000
0.998489 -0.052291 0.016895 0.000000 0.053982 0.990875 -0.123499 6.292300 -0.010283 0.124225 0.992201 0.090600 0.000000 0.000000 0.000000 1.000000
0.998752 -0.047156 0.016447 -0.000000 0.048803 0.991459 -0.120943 6.292300 -0.010604 0.121594 0.992523 0.090600 0.000000 0.000000 0.000000 1.000000
0.999024 -0.041026 0.016352 -0.000000 0.042666 0.992168 -0.117395 6.292300 -0.011408 0.117978 0.992951 0.090600 0.000000 0.000000 0.000000 1.000000
0.999260 -0.034631 0.016749 0.000000 0.036314 0.992852 -0.113690 6.292300 -0.012692 0.114214 0.993375 0.090600 0.000000 0.000000 0.000000 1.000000
0.999455 -0.027718 0.017930 0.000000 0.029538 0.993406 -0.110776 6.292300 -0.014741 0.111245 0.993684 0.090600 0.000000 0.000000 0.000000 1.000000
0.999598 -0.020080 0.020011 0.000000 0.022155 0.993737 -0.109524 6.292300 -0.017686 0.109924 0.993783 0.090600 0.000000 0.000000 0.000000 1.000000
0.999672 -0.012309 0.022444 -0.000000 0.014721 0.993747 -0.110682 6.292300 -0.020941 0.110976 0.993602 0.090600 0.000000 0.000000 0.000000 1.000000
0.999686 -0.006159 0.024294 0.000000 0.008897 0.993411 -0.114261 6.292300 -0.023430 0.114441 0.993154 0.090600 0.000000 0.000000 0.000000 1.000000
0.999676 -0.002967 0.025267 0.000000 0.005956 0.992873 -0.119027 6.292300 -0.024734 0.119139 0.992570 0.090600 0.000000 0.000000 0.000000 1.000000
0.999662 -0.002295 0.025887 0.000000 0.005469 0.992364 -0.123219 6.292300 -0.025406 0.123319 0.992042 0.090600 0.000000 0.000000 0.000000 1.000000
0.999641 -0.003369 0.026570 0.000000 0.006689 0.992025 -0.125863 6.292300 -0.025934 0.125996 0.991692 0.090600 0.000000 0.000000 0.000000 1.000000
0.999615 -0.006169 0.027060 -0.000000 0.009556 0.991869 -0.126901 6.292300 -0.026057 0.127111 0.991546 0.090600 0.000000 0.000000 0.000000 1.000000
0.999585 -0.010335 0.026897 -0.000000 0.013661 0.991863 -0.126577 6.292300 -0.025370 0.126892 0.991592 0.090600 0.000000 0.000000 0.000000 1.000000
0.999546 -0.015145 0.026052 -0.000000 0.018291 0.991976 -0.125095 6.292300 -0.023949 0.125515 0.991803 0.090600 0.000000 0.000000 0.000000 1.000000
0.999485 -0.020245 0.024895 0.000000 0.023146 0.992215 -0.122363 6.292300 -0.022224 0.122877 0.992173 0.090600 0.000000 0.000000 0.000000 1.000000
0.999392 -0.025338 0.023952 0.000000 0.027998 0.992596 -0.118192 6.292300 -0.020780 0.118790 0.992702 0.090600 0.000000 0.000000 0.000000 1.000000
0.999262 -0.030268 0.023645 -0.000000 0.032754 0.993052 -0.113028 6.292300 -0.020059 0.113720 0.993310 0.090600 0.000000 0.000000 0.000000 1.000000
0.999089 -0.035370 0.023865 0.000000 0.037752 0.993420 -0.108124 6.292300 -0.019883 0.108927 0.993851 0.090600 0.000000 0.000000 0.000000 1.000000
0.998807 -0.042436 0.024142 0.000000 0.044749 0.993459 -0.105053 6.292300 -0.019526 0.106008 0.994174 0.090600 0.000000 0.000000 0.000000 1.000000
0.998397 -0.051173 0.024182 0.000000 0.053443 0.993026 -0.105083 6.292300 -0.018636 0.106207 0.994169 0.090600 0.000000 0.000000 0.000000 1.000000
0.997848 -0.060959 0.024143 0.000000 0.063233 0.992079 -0.108537 6.292300 -0.017335 0.109830 0.993799 0.090600 0.000000 0.000000 0.000000 1.000000
0.997231 -0.070427 0.023887 0.000000 0.072713 0.990761 -0.114482 6.292300 -0.015604 0.115902 0.993138 0.090600 0.000000 0.000000 0.000000 1.000000
0.996753 -0.077220 0.022812 0.000000 0.079428 0.989446 -0.121190 6.292300 -0.013212 0.122609 0.992367 0.090600 0.000000 0.000000 0.000000 1.000000
0.996632 -0.079312 0.020832 -0.000000 0.081325 0.988557 -0.127046 6.292300 -0.010517 0.128312 0.991678 0.090600 0.000000 0.000000 0.000000 1.000000
0.996900 -0.076392 0.018860 0.000000 0.078213 0.988249 -0.131325 6.292300 -0.008606 0.132393 0.991160 0.090600 0.000000 0.000000 0.000000 1.000000
0.997407 -0.069806 0.017496 0.000000 0.071529 0.988355 -0.134305 6.292300 -0.007917 0.135208 0.990786 0.090600 0.000000 0.000000 0.000000 1.000000
0.997918 -0.062339 0.016547 -0.000000 0.064017 0.988590 -0.136350 6.292300 -0.007858 0.137125 0.990523 0.090600 0.000000 0.000000 0.000000 1.000000
0.998372 -0.054847 0.015641 0.000000 0.056479 0.988916 -0.137315 6.292300 -0.007937 0.137975 0.990404 0.090600 0.000000 0.000000 0.000000 1.000000
0.998773 -0.047263 0.014774 0.000000 0.048841 0.989429 -0.136543 6.292300 -0.008164 0.137097 0.990524 0.090600 0.000000 0.000000 0.000000 1.000000
0.999103 -0.039931 0.014131 -0.000000 0.041464 0.990160 -0.133656 6.292300 -0.008655 0.134122 0.990927 0.090600 0.000000 0.000000 0.000000 1.000000
0.999328 -0.033788 0.014179 0.000000 0.035341 0.990962 -0.129403 6.292300 -0.009679 0.129817 0.991491 0.090600 0.000000 0.000000 0.000000 1.000000
0.999475 -0.028376 0.015667 0.000000 0.030118 0.991674 -0.125205 6.292300 -0.011983 0.125611 0.992007 0.090600 0.000000 0.000000 0.000000 1.000000
0.999577 -0.022210 0.018795 0.000000 0.024345 0.992203 -0.122235 6.292300 -0.015933 0.122641 0.992323 0.090600 0.000000 0.000000 0.000000 1.000000
0.999631 -0.014897 0.022699 0.000000 0.017542 0.992480 -0.121140 6.292300 -0.020723 0.121493 0.992376 0.090600 0.000000 0.000000 0.000000 1.000000
0.999624 -0.008335 0.026116 -0.000000 0.011469 0.992430 -0.122273 6.292300 -0.024899 0.122527 0.992153 0.090600 0.000000 0.000000 0.000000 1.000000
0.999589 -0.004749 0.028263 -0.000000 0.008261 0.992063 -0.125470 6.292300 -0.027443 0.125652 0.991695 0.090600 0.000000 0.000000 0.000000 1.000000
0.999567 -0.004469 0.029076 0.000000 0.008205 0.991525 -0.129659 6.292300 -0.028250 0.129842 0.991132 0.090600 0.000000 0.000000 0.000000 1.000000
0.999566 -0.006318 0.028789 0.000000 0.010108 0.991000 -0.133476 6.292300 -0.027687 0.133709 0.990634 0.090600 0.000000 0.000000 0.000000 1.000000
0.999569 -0.010617 0.027357 -0.000000 0.014195 0.990864 -0.134117 6.292300 -0.025683 0.134447 0.990588 0.090600 0.000000 0.000000 0.000000 1.000000
0.999538 -0.016786 0.025324 0.000000 0.019975 0.991121 -0.131454 6.292300 -0.022893 0.131899 0.990999 0.090600 0.000000 0.000000 0.000000 1.000000
0.999462 -0.022767 0.023594 -0.000000 0.025596 0.991506 -0.127520 6.292300 -0.020491 0.128055 0.991555 0.090600 0.000000 0.000000 0.000000 1.000000
0.999354 -0.027811 0.022777 0.000000 0.030401 0.991984 -0.122656 6.292300 -0.019183 0.123269 0.992188 0.090600 0.000000 0.000000 0.000000 1.000000
0.999266 -0.030514 0.023174 0.000000 0.032980 0.992839 -0.114814 6.292300 -0.019504 0.115494 0.993117 0.090600 0.000000 0.000000 0.000000 1.000000
0.999138 -0.034158 0.023583 0.000000 0.036438 0.993892 -0.104164 6.292300 -0.019881 0.104934 0.994280 0.090600 0.000000 0.000000 0.000000 1.000000
0.998986 -0.038204 0.023822 0.000000 0.040277 0.994789 -0.093664 6.292300 -0.020119 0.094528 0.995319 0.090600 0.000000 0.000000 0.000000 1.000000
0.998818 -0.042394 0.023798 0.000000 0.044292 0.995318 -0.085905 6.292300 -0.020044 0.086857 0.996019 0.090600 0.000000 0.000000 0.000000 1.000000
0.998626 -0.046971 0.023228 -0.000000 0.048803 0.995112 -0.085852 6.292300 -0.019082 0.086867 0.996037 0.090600 0.000000 0.000000 0.000000 1.000000
0.998381 -0.052239 0.022507 0.000000 0.054096 0.994307 -0.091802 6.292300 -0.017583 0.092870 0.995523 0.090600 0.000000 0.000000 0.000000 1.000000
0.998116 -0.057404 0.021661 0.000000 0.059283 0.993276 -0.099444 6.292300 -0.015807 0.100541 0.994807 0.090600 0.000000 0.000000 0.000000 1.000000
0.997870 -0.062082 0.020017 0.000000 0.063870 0.992249 -0.106600 6.292300 -0.013244 0.107651 0.994101 0.090600 0.000000 0.000000 0.000000 1.000000
0.997686 -0.065665 0.017606 0.000000 0.067225 0.991489 -0.111495 6.292300 -0.010135 0.112421 0.993609 0.090600 0.000000 0.000000 0.000000 1.000000
0.997649 -0.066780 0.015400 0.000000 0.068103 0.991169 -0.113782 6.292300 -0.007666 0.114564 0.993386 0.090600 0.000000 0.000000 0.000000 1.000000
0.997850 -0.063998 0.014135 0.000000 0.065196 0.991320 -0.114164 6.292300 -0.006706 0.114840 0.993361 0.090600 0.000000 0.000000 0.000000 1.000000
0.998250 -0.057572 0.013481 0.000000 0.058731 0.991831 -0.113237 6.292300 -0.006852 0.113831 0.993477 0.090600 0.000000 0.000000 0.000000 1.000000
0.998661 -0.050103 0.012862 0.000000 0.051226 0.992464 -0.111318 6.292300 -0.007188 0.111828 0.993702 0.090600 0.000000 0.000000 0.000000 1.000000</float_array>
        <technique_common>
          <accessor source="#mixamorig6_Spine-Matrix-animation-output-transform-array" count="110" stride="16">
            <param type="float4x4"/>
          </accessor>
        </technique_common>
      </source>
      <source id="mixamorig6_Spine-Interpolations">
        <Name_array id="mixamorig6_Spine-Interpolations-array" count="110">
 LINEAR LINEAR LINEAR LINEAR LINEAR LINEAR LINEAR LINEAR LINEAR LINEAR LINEAR
LINEAR LINEAR LINEAR LINEAR LINEAR LINEAR LINEAR LINEAR LINEAR LINEAR LINEAR LINEAR
LINEAR LINEAR LINEAR LINEAR LINEAR LINEAR LINEAR LINEAR LINEAR LINEAR LINEAR LINEAR
LINEAR LINEAR LINEAR LINEAR LINEAR LINEAR LINEAR LINEAR LINEAR LINEAR LINEAR LINEAR
LINEAR LINEAR LINEAR LINEAR LINEAR LINEAR LINEAR LINEAR LINEAR LINEAR LINEAR LINEAR
LINEAR LINEAR LINEAR LINEAR LINEAR LINEAR LINEAR LINEAR LINEAR LINEAR LINEAR LINEAR
LINEAR LINEAR LINEAR LINEAR LINEAR LINEAR LINEAR LINEAR LINEAR LINEAR LINEAR LINEAR
LINEAR LINEAR LINEAR LINEAR LINEAR LINEAR LINEAR LINEAR LINEAR LINEAR LINEAR LINEAR
LINEAR LINEAR LINEAR LINEAR LINEAR LINEAR LINEAR LINEAR LINEAR LINEAR LINEAR LINEAR
LINEAR LINEAR LINEAR</Name_array>
        <technique_common>
          <accessor source="#mixamorig6_Spine-Interpolations-array" count="110">
            <param type="name"/>
          </accessor>
        </technique_common>
      </source>
      <sampler id="mixamorig6_Spine-Matrix-animation-transform">
        <input semantic="INPUT" source="#mixamorig6_Spine-Matrix-animation-input"/>
        <input semantic="OUTPUT" source="#mixamorig6_Spine-Matrix-animation-output-transform"/>
        <input semantic="INTERPOLATION" source="#mixamorig6_Spine-Interpolations"/>
      </sampler>
