<?xml version="1.0" encoding="utf-8"?>
<COLLADA xmlns="http://www.collada.org/2005/11/COLLADASchema" version="1.4.1">
  <asset>
    <contributor>
      <author>Mixamo</author>
      <authoring_tool>COLLADA Mixamo exporter</authoring_tool>
      <comments/>
    </contributor>
    <created>2023-06-27T14:25:54Z</created>
    <modified>2023-06-27T14:25:54Z</modified>
    <revision/>
    <title/>
    <unit meter="0.010000"/>
    <up_axis>Y_UP</up_axis>
  </asset>
  <library_animations>
    <animation id="mixamorig6_Hips-anim" name="mixamorig6_Hips">
      <source id="mixamorig6_Hips-Matrix-animation-input">
        <float_array id="mixamorig6_Hips-Matrix-animation-input-array" count="31">

0.000000 0.033333 0.066667 0.100000 0.133333 0.166667 0.200000 0.233333 0.266667 0.300000 0.333333 0.366667 0.400000 0.433333 0.466667 0.500000
0.533333 0.566667 0.600000 0.633333 0.666667 0.700000 0.733333 0.766667 0.800000 0.833333 0.866667 0.900000 0.933333 0.966667 1.000000</float_array>
        <technique_common>
          <accessor source="#mixamorig6_Hips-Matrix-animation-input-array" count="31">
            <param name="TIME" type="float"/>
          </accessor>
        </technique_common>
      </source>
      <source id="mixamorig6_Hips-Matrix-animation-output-transform">
        <float_array id="mixamorig6_Hips-Matrix-animation-output-transform-array" count="496">

0.948414 -0.068605 0.309523 0.159256 0.177680 0.923592 -0.339718 52.590336 -0.262566 0.377189 0.888137 2.414894 0.000000 0.000000 0.000000 1.000000
0.970986 0.071978 0.228046 0.065820 -0.021064 0.975663 -0.218260 59.244537 -0.238206 0.207124 0.948872 10.856691 0.000000 0.000000 0.000000 1.000000
0.969429 0.203622 0.136911 0.253230 -0.191600 0.976764 -0.096032 66.506134 -0.153284 0.066864 0.985917 19.390385 0.000000 0.000000 0.000000 1.000000
0.961054 0.268257 0.066438 0.493978 -0.269448 0.962968 0.009502 74.121559 -0.061429 -0.027033 0.997745 27.858397 0.000000 0.000000 0.000000 1.000000
0.971476 0.235317 0.029340 0.569163 -0.236991 0.967786 0.085008 82.036781 -0.008391 -0.089537 0.995948 36.028069 0.000000 0.000000 0.000000 1.000000
0.990869 0.134344 0.011400 0.438336 -0.134572 0.980258 0.144863 89.844444 0.008286 -0.145074 0.989386 43.886200 0.000000 0.000000 0.000000 1.000000
0.999079 0.042691 -0.004424 0.211303 -0.040996 0.979732 0.196075 97.045227 0.012705 -0.195713 0.980579 51.580406 0.000000 0.000000 0.000000 1.000000
0.999343 0.016225 -0.032404 -0.059860 -0.008586 0.974722 0.223258 103.532516 0.035207 -0.222833 0.974221 59.409821 0.000000 0.000000 0.000000 1.000000
0.996225 0.051907 -0.069585 -0.432273 -0.035827 0.975940 0.215077 108.940254 0.079074 -0.211772 0.974115 67.318260 0.000000 0.000000 0.000000 1.000000
0.989072 0.107827 -0.100549 -0.893843 -0.088151 0.979167 0.182925 113.109665 0.118179 -0.172063 0.977972 75.246872 0.000000 0.000000 0.000000 1.000000
0.983388 0.143971 -0.110544 -1.417214 -0.126792 0.980638 0.149241 116.119934 0.129890 -0.132746 0.982602 83.363121 0.000000 0.000000 0.000000 1.000000
0.985160 0.139491 -0.100011 -2.049785 -0.126140 0.983554 0.129271 117.636925 0.116399 -0.114737 0.986553 91.823204 0.000000 0.000000 0.000000 1.000000
0.992049 0.096530 -0.080753 -2.561330 -0.086254 0.988740 0.122286 116.917091 0.091648 -0.114349 0.989204 100.366371 0.000000 0.000000 0.000000 1.000000
0.998151 0.019665 -0.057510 -2.904103 -0.012980 0.993350 0.114396 113.301178 0.059377 -0.113439 0.991769 108.910881 0.000000 0.000000 0.000000 1.000000
0.997032 -0.072886 -0.024794 -3.031502 0.074955 0.992505 0.096519 107.197578 0.017573 -0.098091 0.995022 117.473083 0.000000 0.000000 0.000000 1.000000
0.987101 -0.158742 0.020796 -3.032250 0.156697 0.984579 0.077787 99.222473 -0.032824 -0.073525 0.996753 126.062576 0.000000 0.000000 0.000000 1.000000
0.974037 -0.214306 0.072977 -2.966652 0.208811 0.974988 0.076138 90.227272 -0.087469 -0.058923 0.994423 134.534988 0.000000 0.000000 0.000000 1.000000
0.968446 -0.220687 0.115801 -2.813153 0.210253 0.972940 0.095821 81.150230 -0.133814 -0.068450 0.988640 142.827713 0.000000 0.000000 0.000000 1.000000
0.974720 -0.176879 0.136510 -2.598448 0.160676 0.979459 0.121834 72.678528 -0.155256 -0.096820 0.983118 150.981827 0.000000 0.000000 0.000000 1.000000
0.986410 -0.098648 0.131390 -2.315692 0.080936 0.987681 0.133926 66.132225 -0.142983 -0.121472 0.982243 159.006897 0.000000 0.000000 0.000000 1.000000
0.993675 -0.018289 0.110794 -1.888361 0.005155 0.993037 0.117686 60.655346 -0.112174 -0.116371 0.986851 167.033691 0.000000 0.000000 0.000000 1.000000
0.994782 0.024275 0.099096 -1.278283 -0.030613 0.997547 0.062947 56.459705 -0.097325 -0.065652 0.993085 175.219360 0.000000 0.000000 0.000000 1.000000
0.992623 0.005114 0.121131 -0.600775 -0.001374 0.999520 -0.030938 54.342045 -0.121231 0.030543 0.992154 183.451843 0.000000 0.000000 0.000000 1.000000
0.981402 -0.061462 0.181858 -0.093717 0.087662 0.986301 -0.139735 54.254723 -0.170778 0.153079 0.973346 192.111847 0.000000 0.000000 0.000000 1.000000
0.954538 -0.133634 0.266456 0.050107 0.196746 0.953962 -0.226378 55.148468 -0.223938 0.268510 0.936885 200.949142 0.000000 0.000000 0.000000 1.000000
0.918560 -0.171455 0.356161 -0.161074 0.278231 0.920465 -0.274464 55.372765 -0.280776 0.351207 0.893207 209.570618 0.000000 0.000000 0.000000 1.000000
0.883714 -0.165856 0.437654 -0.439661 0.315372 0.901954 -0.294991 54.849045 -0.345818 0.398712 0.849376 217.831970 0.000000 0.000000 0.000000 1.000000
0.860842 -0.133428 0.491068 -0.497923 0.314889 0.897738 -0.308077 54.139336 -0.399744 0.419838 0.814826 225.757385 0.000000 0.000000 0.000000 1.000000
0.864857 -0.097137 0.492531 -0.295376 0.285695 0.901968 -0.323779 53.577866 -0.412797 0.420736 0.807824 233.406845 0.000000 0.000000 0.000000 1.000000
0.899375 -0.074403 0.430801 -0.032370 0.237183 0.910823 -0.337856 53.119278 -0.367246 0.406037 0.836818 240.798126 0.000000 0.000000 0.000000 1.000000
0.948414 -0.068605 0.309523 0.159258 0.177680 0.923592 -0.339718 52.590336 -0.262566 0.377189 0.888137 248.139999 0.000000 0.000000 0.000000 1.000000</float_array>
        <technique_common>
          <accessor source="#mixamorig6_Hips-Matrix-animation-output-transform-array" count="31" stride="16">
            <param type="float4x4"/>
          </accessor>
        </technique_common>
      </source>
      <source id="mixamorig6_Hips-Interpolations">
        <Name_array id="mixamorig6_Hips-Interpolations-array" count="31">
 LINEAR LINEAR LINEAR LINEAR LINEAR LINEAR LINEAR LINEAR LINEAR LINEAR LINEAR
LINEAR LINEAR LINEAR LINEAR LINEAR LINEAR LINEAR LINEAR LINEAR LINEAR LINEAR LINEAR
LINEAR LINEAR LINEAR LINEAR LINEAR LINEAR LINEAR LINEAR</Name_array>
        <technique_common>
          <accessor source="#mixamorig6_Hips-Interpolations-array" count="31">
            <param type="name"/>
          </accessor>
        </technique_common>
      </source>
      <sampler id="mixamorig6_Hips-Matrix-animation-transform">
        <input semantic="INPUT" source="#mixamorig6_Hips-Matrix-animation-input"/>
        <input semantic="OUTPUT" source="#mixamorig6_Hips-Matrix-animation-output-transform"/>
        <input semantic="INTERPOLATION" source="#mixamorig6_Hips-Interpolations"/>
      </sampler>
      <channel source="#mixamorig6_Hips-Matrix-animation-transform" target="mixamorig6_Hips/matrix"/>
    </animation>
    <animation id="mixamorig6_Spine-anim" name="mixamorig6_Spine">
      <source id="mixamorig6_Spine-Matrix-animation-input">
        <float_array id="mixamorig6_Spine-Matrix-animation-input-array" count="31">

0.000000 0.033333 0.066667 0.100000 0.133333 0.166667 0.200000 0.233333 0.266667 0.300000 0.333333 0.366667 0.400000 0.433333 0.466667 0.500000
0.533333 0.566667 0.600000 0.633333 0.666667 0.700000 0.733333 0.766667 0.800000 0.833333 0.866667 0.900000 0.933333 0.966667 1.000000</float_array>
        <technique_common>
          <accessor source="#mixamorig6_Spine-Matrix-animation-input-array" count="31">
            <param name="TIME" type="float"/>
          </accessor>
        </technique_common>
      </source>
      <source id="mixamorig6_Spine-Matrix-animation-output-transform">
        <float_array id="mixamorig6_Spine-Matrix-animation-output-transform-array" count="496">

0.976678 0.024539 -0.213301 0.000000 -0.081635 0.961279 -0.263207 6.292300 0.198583 0.274481 0.940864 0.090600 0.000000 0.000000 0.000000 1.000000
0.981218 -0.010575 -0.192613 0.000000 -0.032937 0.974650 -0.221299 6.292300 0.190070 0.223487 0.955995 0.090600 0.000000 0.000000 0.000000 1.000000
0.979817 -0.073725 -0.185807 0.000000 0.040023 0.983035 -0.178998 6.292300 0.195851 0.167949 0.966145 0.090600 0.000000 0.000000 0.000000 1.000000
0.972454 -0.115590 -0.202417 -0.000000 0.084306 0.984011 -0.156894 6.292300 0.217316 0.135507 0.966650 0.090600 0.000000 0.000000 0.000000 1.000000
0.968188 -0.093171 -0.232230 -0.000000 0.055200 0.984756 -0.164949 6.292300 0.244059 0.146882 0.958572 0.090600 0.000000 0.000000 0.000000 1.000000
0.969259 -0.016339 -0.245498 0.000000 -0.032470 0.980571 -0.193458 6.292300 0.243889 0.195483 0.949897 0.090600 0.000000 0.000000 0.000000 1.000000
0.971631 0.048523 -0.231470 0.000000 -0.103987 0.966695 -0.233854 6.292300 0.212414 0.251290 0.944316 0.090600 0.000000 0.000000 0.000000 1.000000
0.978507 0.048224 -0.200496 0.000000 -0.103993 0.954983 -0.277835 6.292300 0.178072 0.292714 0.939473 0.090600 0.000000 0.000000 0.000000 1.000000
0.985691 -0.012077 -0.168127 0.000000 -0.042156 0.948071 -0.315252 6.292300 0.163203 0.317828 0.933997 0.090600 0.000000 0.000000 0.000000 1.000000
0.986410 -0.083773 -0.141344 0.000000 0.030098 0.937828 -0.345792 6.292300 0.161525 0.336839 0.927604 0.090600 0.000000 0.000000 0.000000 1.000000
0.984627 -0.123133 -0.123887 0.000000 0.068737 0.925183 -0.373245 6.292300 0.160577 0.358991 0.919424 0.090600 0.000000 0.000000 0.000000 1.000000
0.986308 -0.113352 -0.119779 0.000000 0.057597 0.917363 -0.393862 6.292300 0.154526 0.381571 0.911332 0.090600 0.000000 0.000000 0.000000 1.000000
0.989446 -0.064005 -0.130004 0.000000 0.006942 0.917070 -0.398665 6.292300 0.144739 0.393554 0.907836 0.090600 0.000000 0.000000 0.000000 1.000000
0.987602 0.009983 -0.156660 0.000000 -0.069771 0.921896 -0.381103 6.292300 0.140619 0.387309 0.911163 0.090600 0.000000 0.000000 0.000000 1.000000
0.978536 0.084506 -0.187953 0.000000 -0.145728 0.928637 -0.341170 6.292300 0.145709 0.361237 0.921019 0.090600 0.000000 0.000000 0.000000 1.000000
0.969586 0.141507 -0.199696 0.000000 -0.196626 0.936218 -0.291264 6.292300 0.145743 0.321670 0.935568 0.090600 0.000000 0.000000 0.000000 1.000000
0.970406 0.168623 -0.172853 0.000000 -0.209281 0.944390 -0.253633 6.292300 0.120472 0.282302 0.951731 0.090600 0.000000 0.000000 0.000000 1.000000
0.982189 0.155819 -0.104998 0.000000 -0.177264 0.953734 -0.242835 6.292300 0.062302 0.257122 0.964368 0.090600 0.000000 0.000000 0.000000 1.000000
0.994837 0.100474 -0.014273 0.000000 -0.100779 0.961589 -0.255324 6.292300 -0.011929 0.255444 0.966750 0.090600 0.000000 0.000000 0.000000 1.000000
0.997087 0.011301 0.075436 0.000000 0.009885 0.961479 -0.274700 6.292300 -0.075634 0.274645 0.958566 0.090600 0.000000 0.000000 0.000000 1.000000
0.985598 -0.083336 0.147142 0.000000 0.122598 0.951453 -0.282323 6.292300 -0.116471 0.296297 0.947968 0.090600 0.000000 0.000000 0.000000 1.000000
0.971047 -0.139577 0.193871 -0.000000 0.189563 0.944079 -0.269780 6.292300 -0.145375 0.298720 0.943203 0.090600 0.000000 0.000000 0.000000 1.000000
0.970102 -0.121898 0.209865 0.000000 0.172454 0.954660 -0.242660 6.292300 -0.170770 0.271597 0.947139 0.090600 0.000000 0.000000 0.000000 1.000000
0.982566 -0.032146 0.183116 0.000000 0.071492 0.974534 -0.212537 6.292300 -0.171621 0.221922 0.959842 0.090600 0.000000 0.000000 0.000000 1.000000
0.991274 0.084130 0.101482 0.000000 -0.064747 0.981332 -0.181096 6.292300 -0.114823 0.172945 0.978216 0.090600 0.000000 0.000000 0.000000 1.000000
0.986350 0.162807 -0.024633 0.000000 -0.164660 0.975215 -0.147795 6.292300 -0.000040 0.149834 0.988711 0.090600 0.000000 0.000000 0.000000 1.000000
0.971476 0.171488 -0.163789 0.000000 -0.193783 0.972193 -0.131485 6.292300 0.136687 0.159474 0.977694 0.090600 0.000000 0.000000 0.000000 1.000000
0.954139 0.123856 -0.272539 0.000000 -0.169494 0.973928 -0.150784 6.292300 0.246758 0.190063 0.950256 0.090600 0.000000 0.000000 0.000000 1.000000
0.947144 0.062515 -0.314660 0.000000 -0.127978 0.973034 -0.191903 6.292300 0.294178 0.222029 0.929604 0.090600 0.000000 0.000000 0.000000 1.000000
0.957326 0.025989 -0.287841 0.000000 -0.095868 0.968115 -0.231436 6.292300 0.272648 0.249154 0.929293 0.090600 0.000000 0.000000 0.000000 1.000000
0.976678 0.024539 -0.213301 -0.000000 -0.081635 0.961279 -0.263207 6.292300 0.198583 0.274481 0.940864 0.090600 0.000000 0.000000 0.000000 1.000000</float_array>
        <technique_common>
          <accessor source="#mixamorig6_Spine-Matrix-animation-output-transform-array" count="31" stride="16">
            <param type="float4x4"/>
          </accessor>
        </technique_common>
      </source>
      <source id="mixamorig6_Spine-Interpolations">
        <Name_array id="mixamorig6_Spine-Interpolations-array" count="31">
 LINEAR LINEAR LINEAR LINEAR LINEAR LINEAR LINEAR LINEAR LINEAR LINEAR LINEAR
LINEAR LINEAR LINEAR LINEAR LINEAR LINEAR LINEAR LINEAR LINEAR LINEAR LINEAR LINEAR
LINEAR LINEAR LINEAR LINEAR LINEAR LINEAR LINEAR LINEAR</Name_array>
        <technique_common>
          <accessor source="#mixamorig6_Spine-Interpolations-array" count="31">
            <param type="name"/>
          </accessor>
        </technique_common>
      </source>
      <sampler id="mixamorig6_Spine-Matrix-animation-transform">
        <input semantic="INPUT" source="#mixamorig6_Spine-Matrix-animation-input"/>
        <input semantic="OUTPUT" source="#mixamorig6_Spine-Matrix-animation-output-transform"/>
        <input semantic="INTERPOLATION" source="#mixamorig6_Spine-Interpolations"/>
      </sampler>
      <channel source="#mixamorig6_Spine-Matrix-animation-transform" target="mixamorig6_Spine/matrix"/>
    </animation>
    <animation id="mixamorig6_Spine1-anim" name="mixamorig6_Spine1">
      <source id="mixamorig6_Spine1-Matrix-animation-input">
        <float_array id="mixamorig6_Spine1-Matrix-animation-input-array" count="31">

0.000000 0.033333 0.066667 0.100000 0.133333 0.166667 0.200000 0.233333 0.266667 0.300000 0.333333 0.366667 0.400000 0.433333 0.466667 0.500000
0.533333 0.566667 0.600000 0.633333 0.666667 0.700000 0.733333 0.766667 0.800000 0.833333 0.866667 0.900000 0.933333 0.966667 1.000000</float_array>
        <technique_common>
          <accessor source="#mixamorig6_Spine1-Matrix-animation-input-array" count="31">
            <param name="TIME" type="float"/>
          </accessor>
        </technique_common>
      </source>
      <source id="mixamorig6_Spine1-Matrix-animation-output-transform">
        <float_array id="mixamorig6_Spine1-Matrix-animation-output-transform-array" count="496">

0.998511 0.011762 -0.053269 -0.000000 -0.012823 0.999725 -0.019631 7.341700 0.053023 0.020285 0.998387 0.000000 0.000000 0.000000 0.000000 1.000000
0.999386 -0.020061 -0.028730 0.000000 0.019881 0.999781 -0.006547 7.341700 0.028855 0.005972 0.999566 -0.000000 0.000000 0.000000 0.000000 1.000000
0.996810 -0.079442 -0.007692 0.000000 0.079632 0.996414 0.028601 7.341700 0.005392 -0.029122 0.999561 0.000000 0.000000 0.000000 0.000000 1.000000
0.990382 -0.138189 0.006906 -0.000000 0.137484 0.988486 0.063192 7.341700 -0.015559 -0.061635 0.997977 0.000000 0.000000 0.000000 0.000000 1.000000
0.985796 -0.167175 0.016085 0.000000 0.165625 0.983566 0.071872 7.341700 -0.027836 -0.068187 0.997284 0.000000 0.000000 0.000000 0.000000 1.000000
0.986728 -0.160731 0.023100 -0.000000 0.159598 0.986176 0.044555 7.341700 -0.029942 -0.040277 0.998740 0.000000 0.000000 0.000000 0.000000 1.000000
0.990113 -0.137413 0.028165 -0.000000 0.137744 0.990416 -0.010140 7.341700 -0.026502 0.013920 0.999552 -0.000000 0.000000 0.000000 0.000000 1.000000
0.992939 -0.115247 0.028109 -0.000000 0.117086 0.990192 -0.076231 7.341700 -0.019048 0.078984 0.996694 0.000000 0.000000 0.000000 0.000000 1.000000
0.995114 -0.096393 0.021385 0.000000 0.098456 0.985046 -0.141390 7.341700 -0.007436 0.142805 0.989723 0.000000 0.000000 0.000000 0.000000 1.000000
0.997046 -0.075993 0.011186 0.000000 0.076696 0.976932 -0.199301 7.341700 0.004217 0.199570 0.979874 0.000000 0.000000 0.000000 0.000000 1.000000
0.998493 -0.054774 0.003251 0.000000 0.053895 0.967891 -0.245524 7.341700 0.010302 0.245330 0.969385 0.000000 0.000000 0.000000 0.000000 1.000000
0.999310 -0.037121 0.001520 -0.000000 0.036119 0.961122 -0.273752 7.341700 0.008701 0.273618 0.961799 0.000000 0.000000 0.000000 0.000000 1.000000
0.999720 -0.023001 0.005605 0.000000 0.023654 0.960763 -0.276360 7.341700 0.000972 0.276415 0.961038 -0.000000 0.000000 0.000000 0.000000 1.000000
0.999883 -0.010067 0.011513 -0.000000 0.012684 0.966442 -0.256571 7.341700 -0.008544 0.256687 0.966457 0.000000 0.000000 0.000000 0.000000 1.000000
0.999898 0.002693 0.014062 0.000000 0.000482 0.975267 -0.221031 7.341700 -0.014309 0.221015 0.975165 0.000000 0.000000 0.000000 0.000000 1.000000
0.999854 0.013007 0.011123 -0.000000 -0.010814 0.983884 -0.178479 7.341700 -0.013265 0.178332 0.983881 0.000000 0.000000 0.000000 0.000000 1.000000
0.999823 0.017963 0.005539 -0.000000 -0.016981 0.989492 -0.143585 7.341700 -0.008060 0.143465 0.989623 0.000000 0.000000 0.000000 0.000000 1.000000
0.999840 0.017798 0.001833 0.000000 -0.017414 0.991515 -0.128817 7.341700 -0.004111 0.128765 0.991667 0.000000 0.000000 0.000000 0.000000 1.000000
0.999891 0.014713 0.001420 0.000000 -0.014387 0.990731 -0.135076 7.341700 -0.003394 0.135041 0.990834 0.000000 0.000000 0.000000 0.000000 1.000000
0.999942 0.010570 0.002117 -0.000000 -0.010139 0.988899 -0.148242 7.341700 -0.003661 0.148212 0.988949 0.000000 0.000000 0.000000 0.000000 1.000000
0.999976 0.006620 0.002154 -0.000000 -0.006228 0.988957 -0.148074 7.341700 -0.003110 0.148057 0.988974 -0.000000 0.000000 0.000000 0.000000 1.000000
0.999990 0.003697 0.002614 0.000000 -0.003343 0.992244 -0.124263 7.341700 -0.003053 0.124253 0.992246 0.000000 0.000000 0.000000 0.000000 1.000000
0.999984 0.003119 0.004660 0.000000 -0.002742 0.996891 -0.078740 7.341700 -0.004891 0.078726 0.996884 -0.000000 0.000000 0.000000 0.000000 1.000000
0.999967 0.005864 0.005562 0.000000 -0.005740 0.999739 -0.022134 7.341700 -0.005691 0.022101 0.999740 -0.000000 0.000000 0.000000 0.000000 1.000000
0.999933 0.011609 0.000406 -0.000000 -0.011616 0.999376 0.033353 7.341700 -0.000018 -0.033355 0.999444 0.000000 0.000000 0.000000 0.000000 1.000000
0.999763 0.018029 -0.012170 0.000000 -0.017038 0.996876 0.077126 7.341700 0.013523 -0.076901 0.996947 -0.000000 0.000000 0.000000 0.000000 1.000000
0.999377 0.021436 -0.028025 0.000000 -0.018572 0.994942 0.098720 7.341700 0.030000 -0.098138 0.994721 -0.000000 0.000000 0.000000 0.000000 1.000000
0.998953 0.019359 -0.041440 0.000000 -0.015577 0.995846 0.089715 7.341700 0.043005 -0.088976 0.995105 0.000000 0.000000 0.000000 0.000000 1.000000
0.998661 0.015152 -0.049464 0.000000 -0.012215 0.998174 0.059162 7.341700 0.050271 -0.058479 0.997022 0.000000 0.000000 0.000000 0.000000 1.000000
0.998533 0.012149 -0.052767 -0.000000 -0.011148 0.999753 0.019220 7.341700 0.052988 -0.018604 0.998422 0.000000 0.000000 0.000000 0.000000 1.000000
0.998511 0.011762 -0.053269 -0.000000 -0.012823 0.999725 -0.019632 7.341700 0.053023 0.020285 0.998387 -0.000000 0.000000 0.000000 0.000000 1.000000</float_array>
        <technique_common>
          <accessor source="#mixamorig6_Spine1-Matrix-animation-output-transform-array" count="31" stride="16">
            <param type="float4x4"/>
          </accessor>
        </technique_common>
      </source>
      <source id="mixamorig6_Spine1-Interpolations">
        <Name_array id="mixamorig6_Spine1-Interpolations-array" count="31">
 LINEAR LINEAR LINEAR LINEAR LINEAR LINEAR LINEAR LINEAR LINEAR LINEAR LINEAR
LINEAR LINEAR LINEAR LINEAR LINEAR LINEAR LINEAR LINEAR LINEAR LINEAR LINEAR LINEAR
LINEAR LINEAR LINEAR LINEAR LINEAR LINEAR LINEAR LINEAR</Name_array>
        <technique_common>
          <accessor source="#mixamorig6_Spine1-Interpolations-array" count="31">
            <param type="name"/>
          </accessor>
        </technique_common>
      </source>
      <sampler id="mixamorig6_Spine1-Matrix-animation-transform">
        <input semantic="INPUT" source="#mixamorig6_Spine1-Matrix-animation-input"/>
        <input semantic="OUTPUT" source="#mixamorig6_Spine1-Matrix-animation-output-transform"/>
        <input semantic="INTERPOLATION" source="#mixamorig6_Spine1-Interpolations"/>
      </sampler>
      <channel source="#mixamorig6_Spine1-Matrix-animation-transform" target="mixamorig6_Spine1/matrix"/>
    </animation>
    <animation id="mixamorig6_Spine2-anim" name="mixamorig6_Spine2">
      <source id="mixamorig6_Spine2-Matrix-animation-input">
        <float_array id="mixamorig6_Spine2-Matrix-animation-input-array" count="31">

0.000000 0.033333 0.066667 0.100000 0.133333 0.166667 0.200000 0.233333 0.266667 0.300000 0.333333 0.366667 0.400000 0.433333 0.466667 0.500000
0.533333 0.566667 0.600000 0.633333 0.666667 0.700000 0.733333 0.766667 0.800000 0.833333 0.866667 0.900000 0.933333 0.966667 1.000000</float_array>
        <technique_common>
          <accessor source="#mixamorig6_Spine2-Matrix-animation-input-array" count="31">
            <param name="TIME" type="float"/>
          </accessor>
        </technique_common>
      </source>
      <source id="mixamorig6_Spine2-Matrix-animation-output-transform">
        <float_array id="mixamorig6_Spine2-Matrix-animation-output-transform-array" count="496">

0.998552 0.011415 -0.052566 0.000000 -0.012494 0.999717 -0.020254 8.390600 0.052320 0.020881 0.998412 0.000000 0.000000 0.000000 0.000000 1.000000
0.999421 -0.019726 -0.027732 0.000000 0.018973 0.999450 -0.027189 8.390600 0.028253 0.026647 0.999246 0.000000 0.000000 0.000000 0.000000 1.000000
0.996830 -0.079425 -0.004629 0.000000 0.079319 0.996654 -0.019750 8.390600 0.006182 0.019320 0.999794 0.000000 0.000000 0.000000 0.000000 1.000000
0.990242 -0.138802 0.012471 0.000000 0.138980 0.990185 -0.014759 8.390600 -0.010300 0.016348 0.999813 0.000000 0.000000 0.000000 0.000000 1.000000
0.985565 -0.167744 0.022899 0.000000 0.168404 0.985235 -0.030847 8.390600 -0.017386 0.034258 0.999262 0.000000 0.000000 0.000000 0.000000 1.000000
0.986688 -0.159955 0.029352 -0.000000 0.161757 0.983930 -0.075613 8.390600 -0.016786 0.079354 0.996705 0.000000 0.000000 0.000000 0.000000 1.000000
0.990384 -0.134316 0.033156 -0.000000 0.137700 0.980181 -0.142423 8.390600 -0.013369 0.145619 0.989250 -0.000000 0.000000 0.000000 0.000000 1.000000
0.993393 -0.110091 0.032398 0.000000 0.114515 0.969349 -0.217367 8.390600 -0.007475 0.219641 0.975552 0.000000 0.000000 0.000000 0.000000 1.000000
0.995548 -0.090665 0.025788 0.000000 0.094247 0.952802 -0.288592 8.390600 0.001595 0.289738 0.957105 -0.000000 0.000000 0.000000 0.000000 1.000000
0.997328 -0.071254 0.016096 0.000000 0.072372 0.933844 -0.350283 8.390600 0.009928 0.350512 0.936505 0.000000 0.000000 0.000000 0.000000 1.000000
0.998646 -0.051321 0.008545 0.000000 0.050463 0.915476 -0.399196 8.390600 0.012665 0.399086 0.916826 0.000000 0.000000 0.000000 0.000000 1.000000
0.999409 -0.033764 0.006437 0.000000 0.033257 0.902545 -0.429309 8.390600 0.008685 0.429269 0.903135 0.000000 0.000000 0.000000 0.000000 1.000000
0.999795 -0.018287 0.008701 0.000000 0.020251 0.902073 -0.431109 8.390600 0.000034 0.431197 0.902258 0.000000 0.000000 0.000000 0.000000 1.000000
0.999922 -0.004144 0.011816 0.000000 0.008578 0.914154 -0.405277 8.390600 -0.009122 0.405347 0.914117 0.000000 0.000000 0.000000 0.000000 1.000000
0.999899 0.007895 0.011839 0.000000 -0.003161 0.934426 -0.356144 8.390600 -0.013874 0.356070 0.934356 -0.000000 0.000000 0.000000 0.000000 1.000000
0.999851 0.015291 0.007949 0.000000 -0.012301 0.956270 -0.292227 8.390600 -0.012070 0.292086 0.956316 0.000000 0.000000 0.000000 0.000000 1.000000
0.999860 0.016380 0.003547 0.000000 -0.015115 0.972728 -0.231456 8.390600 -0.007241 0.231370 0.972839 0.000000 0.000000 0.000000 0.000000 1.000000
0.999912 0.013040 0.002414 -0.000000 -0.012333 0.981275 -0.192218 8.390600 -0.004875 0.192172 0.981349 0.000000 0.000000 0.000000 0.000000 1.000000
0.999955 0.008277 0.004562 0.000000 -0.007273 0.982177 -0.187820 8.390600 -0.006036 0.187778 0.982193 0.000000 0.000000 0.000000 0.000000 1.000000
0.999970 0.003744 0.006838 0.000000 -0.002252 0.978450 -0.206473 8.390600 -0.007464 0.206452 0.978428 0.000000 0.000000 0.000000 0.000000 1.000000
0.999974 0.000033 0.007190 0.000000 0.001576 0.974668 -0.223650 8.390600 -0.007015 0.223655 0.974643 0.000000 0.000000 0.000000 0.000000 1.000000
0.999971 -0.002474 0.007156 0.000000 0.004007 0.974810 -0.222999 8.390600 -0.006424 0.223022 0.974792 -0.000000 0.000000 0.000000 0.000000 1.000000
0.999962 -0.002439 0.008358 -0.000000 0.004065 0.979701 -0.200422 8.390600 -0.007699 0.200448 0.979674 0.000000 0.000000 0.000000 0.000000 1.000000
0.999967 0.000782 0.008067 0.000000 0.000539 0.986721 -0.162426 8.390600 -0.008086 0.162425 0.986688 0.000000 0.000000 0.000000 0.000000 1.000000
0.999981 0.006008 0.001102 0.000000 -0.005834 0.992856 -0.119177 8.390600 -0.001810 0.119168 0.992872 0.000000 0.000000 0.000000 0.000000 1.000000
0.999849 0.010699 -0.013662 0.000000 -0.011757 0.996734 -0.079898 8.390600 0.012763 0.080046 0.996709 -0.000000 0.000000 0.000000 0.000000 1.000000
0.999444 0.012319 -0.030986 0.000000 -0.013966 0.998470 -0.053498 8.390600 0.030280 0.053901 0.998087 0.000000 0.000000 0.000000 0.000000 1.000000
0.998980 0.010325 -0.043959 0.000000 -0.011939 0.999258 -0.036623 8.390600 0.043548 0.037111 0.998362 0.000000 0.000000 0.000000 0.000000 1.000000
0.998676 0.009097 -0.050634 0.000000 -0.009904 0.999827 -0.015716 8.390600 0.050483 0.016197 0.998594 0.000000 0.000000 0.000000 0.000000 1.000000
0.998562 0.009832 -0.052693 0.000000 -0.010085 0.999939 -0.004537 8.390600 0.052645 0.005062 0.998600 -0.000000 0.000000 0.000000 0.000000 1.000000
0.998552 0.011415 -0.052566 0.000000 -0.012494 0.999717 -0.020254 8.390600 0.052320 0.020881 0.998412 -0.000000 0.000000 0.000000 0.000000 1.000000</float_array>
        <technique_common>
          <accessor source="#mixamorig6_Spine2-Matrix-animation-output-transform-array" count="31" stride="16">
            <param type="float4x4"/>
          </accessor>
        </technique_common>
      </source>
      <source id="mixamorig6_Spine2-Interpolations">
        <Name_array id="mixamorig6_Spine2-Interpolations-array" count="31">
 LINEAR LINEAR LINEAR LINEAR LINEAR LINEAR LINEAR LINEAR LINEAR LINEAR LINEAR
LINEAR LINEAR LINEAR LINEAR LINEAR LINEAR LINEAR LINEAR LINEAR LINEAR LINEAR LINEAR
LINEAR LINEAR LINEAR LINEAR LINEAR LINEAR LINEAR LINEAR</Name_array>
        <technique_common>
          <accessor source="#mixamorig6_Spine2-Interpolations-array" count="31">
            <param type="name"/>
          </accessor>
        </technique_common>
      </source>
      <sampler id="mixamorig6_Spine2-Matrix-animation-transform">
        <input semantic="INPUT" source="#mixamorig6_Spine2-Matrix-animation-input"/>
        <input semantic="OUTPUT" source="#mixamorig6_Spine2-Matrix-animation-output-transform"/>
        <input semantic="INTERPOLATION" source="#mixamorig6_Spine2-Interpolations"/>
      </sampler>
      <channel source="#mixamorig6_Spine2-Matrix-animation-transform" target="mixamorig6_Spine2/matrix"/>
    </animation>
    <animation id="mixamorig6_Neck-anim" name="mixamorig6_Neck">
      <source id="mixamorig6_Neck-Matrix-animation-input">
        <float_array id="mixamorig6_Neck-Matrix-animation-input-array" count="31">

0.000000 0.033333 0.066667 0.100000 0.133333 0.166667 0.200000 0.233333 0.266667 0.300000 0.333333 0.366667 0.400000 0.433333 0.466667 0.500000
0.533333 0.566667 0.600000 0.633333 0.666667 0.700000 0.733333 0.766667 0.800000 0.833333 0.866667 0.900000 0.933333 0.966667 1.000000</float_array>
        <technique_common>
          <accessor source="#mixamorig6_Neck-Matrix-animation-input-array" count="31">
            <param name="TIME" type="float"/>
          </accessor>
        </technique_common>
      </source>
      <source id="mixamorig6_Neck-Matrix-animation-output-transform">
        <float_array id="mixamorig6_Neck-Matrix-animation-output-transform-array" count="496">

0.999269 0.023759 0.029938 -0.000000 -0.027806 0.989337 0.142966 9.439400 -0.026222 -0.143694 0.989275 -0.000000 0.000000 0.000000 0.000000 1.000000
0.999148 0.027136 0.031111 0.000000 -0.031740 0.986831 0.158611 9.439400 -0.026397 -0.159463 0.986851 0.000000 0.000000 0.000000 0.000000 1.000000
0.997666 0.061026 0.030636 -0.000000 -0.064932 0.986695 0.149051 9.439400 -0.021133 -0.150692 0.988355 0.000000 0.000000 0.000000 0.000000 1.000000
0.993967 0.106475 0.026333 0.000000 -0.108824 0.987321 0.115559 9.439400 -0.013695 -0.117727 0.992952 0.000000 0.000000 0.000000 0.000000 1.000000
0.990502 0.136466 0.016826 0.000000 -0.137337 0.987840 0.072876 9.439400 -0.006676 -0.074495 0.997199 0.000000 0.000000 0.000000 0.000000 1.000000
0.990624 0.136553 0.004152 0.000000 -0.136609 0.989809 0.040210 9.439400 0.001381 -0.040401 0.999183 0.000000 0.000000 0.000000 0.000000 1.000000
0.993204 0.116237 -0.005878 0.000000 -0.116062 0.992941 0.024434 9.439400 0.008677 -0.023586 0.999684 0.000000 0.000000 0.000000 0.000000 1.000000
0.995412 0.095377 -0.007628 0.000000 -0.095226 0.995290 0.018167 9.439400 0.009324 -0.017358 0.999806 -0.000000 0.000000 0.000000 0.000000 1.000000
0.996419 0.084553 -0.000902 0.000000 -0.084537 0.996352 0.011644 9.439400 0.001884 -0.011526 0.999932 -0.000000 0.000000 0.000000 0.000000 1.000000
0.996744 0.080179 0.008575 -0.000000 -0.080205 0.996774 0.002792 9.439400 -0.008324 -0.003471 0.999959 -0.000000 0.000000 0.000000 0.000000 1.000000
0.997130 0.074362 0.014208 0.000000 -0.074309 0.997226 -0.004232 9.439400 -0.014483 0.003164 0.999890 0.000000 0.000000 0.000000 0.000000 1.000000
0.997808 0.064737 0.013742 0.000000 -0.064644 0.997883 -0.007143 9.439400 -0.014175 0.006239 0.999880 -0.000000 0.000000 0.000000 0.000000 1.000000
0.998433 0.055097 0.009813 0.000000 -0.055004 0.998440 -0.009558 9.439400 -0.010325 0.009003 0.999906 0.000000 0.000000 0.000000 0.000000 1.000000
0.998770 0.049129 0.006638 0.000000 -0.048972 0.998558 -0.022012 9.439400 -0.007710 0.021660 0.999736 -0.000000 0.000000 0.000000 0.000000 1.000000
0.998895 0.046670 0.005501 0.000000 -0.046315 0.997527 -0.052869 9.439400 -0.007955 0.052556 0.998586 0.000000 0.000000 0.000000 0.000000 1.000000
0.999006 0.044390 0.004017 0.000000 -0.043739 0.993699 -0.103198 9.439400 -0.008572 0.102920 0.994653 0.000000 0.000000 0.000000 0.000000 1.000000
0.999198 0.040046 -0.000714 -0.000000 -0.039612 0.985431 -0.165401 9.439400 -0.005920 0.165296 0.986226 0.000000 0.000000 0.000000 0.000000 1.000000
0.999269 0.037124 -0.009083 -0.000000 -0.038214 0.974239 -0.222258 9.439400 0.000598 0.222443 0.974946 0.000000 0.000000 0.000000 0.000000 1.000000
0.998889 0.043437 -0.018298 0.000000 -0.046662 0.966121 -0.253836 9.439400 0.006652 0.254407 0.967074 -0.000000 0.000000 0.000000 0.000000 1.000000
0.997707 0.063128 -0.024424 0.000000 -0.067222 0.966362 -0.248247 9.439400 0.007931 0.249320 0.968389 0.000000 0.000000 0.000000 0.000000 1.000000
0.995647 0.089649 -0.025502 0.000000 -0.092995 0.973859 -0.207245 9.439400 0.006256 0.208715 0.977957 0.000000 0.000000 0.000000 0.000000 1.000000
0.993822 0.108516 -0.023263 0.000000 -0.110726 0.983733 -0.141455 9.439400 0.007535 0.143157 0.989671 -0.000000 0.000000 0.000000 0.000000 1.000000
0.993779 0.109256 -0.021598 -0.000000 -0.110333 0.992241 -0.057314 9.439400 0.015168 0.059340 0.998123 0.000000 0.000000 0.000000 0.000000 1.000000
0.995328 0.093910 -0.022417 0.000000 -0.092831 0.994660 0.045096 9.439400 0.026532 -0.042804 0.998731 -0.000000 0.000000 0.000000 0.000000 1.000000
0.996968 0.074119 -0.023670 0.000000 -0.069438 0.984817 0.159102 9.439400 0.035103 -0.156976 0.986978 0.000000 0.000000 0.000000 0.000000 1.000000
0.997928 0.060572 -0.021717 0.000000 -0.052874 0.964230 0.259738 9.439400 0.036673 -0.258052 0.965435 0.000000 0.000000 0.000000 0.000000 1.000000
0.998350 0.055445 -0.014913 0.000000 -0.047982 0.948323 0.313657 9.439400 0.031533 -0.312424 0.949419 0.000000 0.000000 0.000000 0.000000 1.000000
0.998556 0.053542 -0.004409 0.000000 -0.049662 0.951249 0.304398 9.439400 0.020492 -0.303740 0.952535 0.000000 0.000000 0.000000 0.000000 1.000000
0.998767 0.049098 0.007308 0.000000 -0.049364 0.966967 0.250075 9.439400 0.005212 -0.250128 0.968199 0.000000 0.000000 0.000000 0.000000 1.000000
0.999056 0.039125 0.018860 0.000000 -0.041960 0.981573 0.186424 9.439400 -0.011218 -0.187040 0.982288 0.000000 0.000000 0.000000 0.000000 1.000000
0.999269 0.023759 0.029938 0.000000 -0.027806 0.989337 0.142966 9.439400 -0.026222 -0.143694 0.989275 -0.000000 0.000000 0.000000 0.000000 1.000000</float_array>
        <technique_common>
          <accessor source="#mixamorig6_Neck-Matrix-animation-output-transform-array" count="31" stride="16">
            <param type="float4x4"/>
          </accessor>
        </technique_common>
      </source>
      <source id="mixamorig6_Neck-Interpolations">
        <Name_array id="mixamorig6_Neck-Interpolations-array" count="31">
 LINEAR LINEAR LINEAR LINEAR LINEAR LINEAR LINEAR LINEAR LINEAR LINEAR LINEAR
LINEAR LINEAR LINEAR LINEAR LINEAR LINEAR LINEAR LINEAR LINEAR LINEAR LINEAR LINEAR
LINEAR LINEAR LINEAR LINEAR LINEAR LINEAR LINEAR LINEAR</Name_array>
        <technique_common>
          <accessor source="#mixamorig6_Neck-Interpolations-array" count="31">
            <param type="name"/>
          </accessor>
        </technique_common>
      </source>
      <sampler id="mixamorig6_Neck-Matrix-animation-transform">
        <input semantic="INPUT" source="#mixamorig6_Neck-Matrix-animation-input"/>
        <input semantic="OUTPUT" source="#mixamorig6_Neck-Matrix-animation-output-transform"/>
        <input semantic="INTERPOLATION" source="#mixamorig6_Neck-Interpolations"/>
      </sampler>
      <channel source="#mixamorig6_Neck-Matrix-animation-transform" target="mixamorig6_Neck/matrix"/>
    </animation>
    <animation id="mixamorig6_Head-anim" name="mixamorig6_Head">
      <source id="mixamorig6_Head-Matrix-animation-input">
        <float_array id="mixamorig6_Head-Matrix-animation-input-array" count="31">

0.000000 0.033333 0.066667 0.100000 0.133333 0.166667 0.200000 0.233333 0.266667 0.300000 0.333333 0.366667 0.400000 0.433333 0.466667 0.500000
0.533333 0.566667 0.600000 0.633333 0.666667 0.700000 0.733333 0.766667 0.800000 0.833333 0.866667 0.900000 0.933333 0.966667 1.000000</float_array>
        <technique_common>
          <accessor source="#mixamorig6_Head-Matrix-animation-input-array" count="31">
            <param name="TIME" type="float"/>
          </accessor>
        </technique_common>
      </source>
      <source id="mixamorig6_Head-Matrix-animation-output-transform">
        <float_array id="mixamorig6_Head-Matrix-animation-output-transform-array" count="496">

0.999297 0.020331 0.031501 0.000000 -0.024218 0.991428 0.128391 9.228300 -0.028621 -0.129064 0.991223 3.015700 0.000000 0.000000 0.000000 1.000000
0.999085 0.017571 0.038989 -0.000000 -0.018792 0.999337 0.031197 9.228300 -0.038415 -0.031901 0.998753 3.015700 0.000000 0.000000 0.000000 1.000000
0.998349 0.043563 0.037430 -0.000000 -0.038685 0.991726 -0.122405 9.228300 -0.042453 0.120755 0.991774 3.015700 0.000000 0.000000 0.000000 1.000000
0.996393 0.080612 0.026507 0.000000 -0.069970 0.957204 -0.280828 9.228300 -0.048010 0.277960 0.959392 3.015700 0.000000 0.000000 0.000000 1.000000
0.994553 0.103689 0.010630 0.000000 -0.091746 0.919244 -0.382850 9.228300 -0.049469 0.379789 0.923750 3.015700 0.000000 0.000000 0.000000 1.000000
0.994957 0.100258 -0.003113 0.000000 -0.092922 0.909579 -0.405007 9.228300 -0.037774 0.403254 0.914308 3.015700 0.000000 0.000000 0.000000 1.000000
0.996670 0.080924 -0.010043 0.000000 -0.078969 0.927124 -0.366340 9.228300 -0.020335 0.365913 0.930427 3.015700 0.000000 0.000000 0.000000 1.000000
0.997820 0.065237 -0.009969 0.000000 -0.065228 0.951980 -0.299131 9.228300 -0.010024 0.299129 0.954160 3.015700 0.000000 0.000000 0.000000 1.000000
0.998066 0.061889 -0.005904 0.000000 -0.061628 0.972394 -0.225059 9.228300 -0.008188 0.224988 0.974327 3.015700 0.000000 0.000000 0.000000 1.000000
0.997903 0.064705 -0.001861 0.000000 -0.064232 0.986228 -0.152412 9.228300 -0.008026 0.152212 0.988315 3.015700 0.000000 0.000000 0.000000 1.000000
0.997957 0.063882 -0.001022 -0.000000 -0.063723 0.994053 -0.088305 9.228300 -0.004625 0.088189 0.996093 3.015700 0.000000 0.000000 0.000000 1.000000
0.998386 0.056651 -0.003968 0.000000 -0.056771 0.997434 -0.043608 9.228300 0.001487 0.043763 0.999041 3.015700 0.000000 0.000000 0.000000 1.000000
0.998829 0.047703 -0.008025 0.000000 -0.047893 0.998529 -0.025421 9.228300 0.006800 0.025775 0.999645 3.015700 0.000000 0.000000 0.000000 1.000000
0.999079 0.042095 -0.008305 -0.000000 -0.042371 0.998439 -0.036393 9.228300 0.006761 0.036711 0.999303 3.015700 0.000000 0.000000 0.000000 1.000000
0.999162 0.040809 -0.003246 -0.000000 -0.040937 0.996506 -0.072794 9.228300 0.000264 0.072866 0.997342 3.015700 0.000000 0.000000 0.000000 1.000000
0.999156 0.040917 0.003564 0.000000 -0.040120 0.990894 -0.128526 9.228300 -0.008790 0.128274 0.991700 3.015700 0.000000 0.000000 0.000000 1.000000
0.999189 0.039598 0.007329 0.000000 -0.037412 0.980112 -0.194885 9.228300 -0.014901 0.194452 0.980799 3.015700 0.000000 0.000000 0.000000 1.000000
0.999214 0.039171 0.006000 0.000000 -0.036361 0.966461 -0.254225 9.228300 -0.015757 0.253807 0.967127 3.015700 0.000000 0.000000 0.000000 1.000000
0.998913 0.046585 0.001304 0.000000 -0.044265 0.957181 -0.286087 9.228300 -0.014575 0.285718 0.958203 3.015700 0.000000 0.000000 0.000000 1.000000
0.997817 0.065937 -0.003733 0.000000 -0.064311 0.957239 -0.282061 9.228300 -0.015024 0.281685 0.959389 3.015700 0.000000 0.000000 0.000000 1.000000
0.995811 0.091111 -0.007764 0.000000 -0.090109 0.963318 -0.252783 9.228300 -0.015552 0.252423 0.967492 3.015700 0.000000 0.000000 0.000000 1.000000
0.994096 0.107863 -0.011746 -0.000000 -0.107817 0.969883 -0.218411 9.228300 -0.012166 0.218388 0.975786 3.015700 0.000000 0.000000 0.000000 1.000000
0.994244 0.105715 -0.017425 -0.000000 -0.107103 0.976278 -0.188174 9.228300 -0.002882 0.188958 0.981981 3.015700 0.000000 0.000000 0.000000 1.000000
0.995902 0.087136 -0.024220 0.000000 -0.089858 0.983672 -0.155930 9.228300 0.010237 0.157467 0.987471 3.015700 0.000000 0.000000 0.000000 1.000000
0.997467 0.065049 -0.028774 -0.000000 -0.067908 0.991256 -0.113138 9.228300 0.021163 0.114806 0.993163 3.015700 0.000000 0.000000 0.000000 1.000000
0.998287 0.051497 -0.027768 0.000000 -0.053110 0.996732 -0.060871 9.228300 0.024543 0.062242 0.997759 3.015700 0.000000 0.000000 0.000000 1.000000
0.998605 0.048702 -0.020400 0.000000 -0.048879 0.998771 -0.008243 9.228300 0.019974 0.009229 0.999758 3.015700 0.000000 0.000000 0.000000 1.000000
0.998722 0.049868 -0.008172 -0.000000 -0.049539 0.998106 0.036463 9.228300 0.009975 -0.036011 0.999302 3.015700 0.000000 0.000000 0.000000 1.000000
0.998866 0.047282 0.005596 0.000000 -0.047567 0.996088 0.074466 9.228300 -0.002053 -0.074648 0.997208 3.015700 0.000000 0.000000 0.000000 1.000000
0.999126 0.037215 0.019048 0.000000 -0.039024 0.993640 0.105628 9.228300 -0.014996 -0.106279 0.994223 3.015700 0.000000 0.000000 0.000000 1.000000
0.999297 0.020331 0.031501 0.000000 -0.024218 0.991428 0.128391 9.228300 -0.028621 -0.129064 0.991223 3.015700 0.000000 0.000000 0.000000 1.000000</float_array>
        <technique_common>
          <accessor source="#mixamorig6_Head-Matrix-animation-output-transform-array" count="31" stride="16">
