<?xml version="1.0" encoding="utf-8"?>
<COLLADA xmlns="http://www.collada.org/2005/11/COLLADASchema" version="1.4.1">
  <asset>
    <contributor>
      <author>Mixamo</author>
      <authoring_tool>COLLADA Mixamo exporter</authoring_tool>
      <comments/>
    </contributor>
    <created>2023-06-27T14:25:33Z</created>
    <modified>2023-06-27T14:25:33Z</modified>
    <revision/>
    <title/>
    <unit meter="0.010000"/>
    <up_axis>Y_UP</up_axis>
  </asset>
  <library_animations>
    <animation id="mixamorig6_Hips-anim" name="mixamorig6_Hips">
      <source id="mixamorig6_Hips-Matrix-animation-input">
        <float_array id="mixamorig6_Hips-Matrix-animation-input-array" count="23">

0.000000 0.033333 0.066667 0.100000 0.133333 0.166667 0.200000 0.233333 0.266667 0.300000 0.333333 0.366667 0.400000 0.433333 0.466667 0.500000
0.533333 0.566667 0.600000 0.633333 0.666667 0.700000 0.733333</float_array>
        <technique_common>
          <accessor source="#mixamorig6_Hips-Matrix-animation-input-array" count="23">
            <param name="TIME" type="float"/>
          </accessor>
        </technique_common>
      </source>
      <source id="mixamorig6_Hips-Matrix-animation-output-transform">
        <float_array id="mixamorig6_Hips-Matrix-animation-output-transform-array" count="368">

0.946591 0.079246 -0.312547 -0.111268 -0.188645 0.922226 -0.337509 52.317158 0.261493 0.378444 0.887920 2.543059 0.000000 0.000000 0.000000 1.000000
0.965268 -0.002407 -0.261251 0.155574 -0.092186 0.932502 -0.349202 53.475075 0.244458 0.361157 0.899892 11.079655 0.000000 0.000000 0.000000 1.000000
0.985032 -0.082881 -0.151135 0.375112 0.018492 0.922564 -0.385401 54.795666 0.171374 0.376838 0.910288 19.593647 0.000000 0.000000 0.000000 1.000000
0.993531 -0.105186 -0.042796 0.449108 0.078611 0.909029 -0.409251 55.867245 0.081951 0.403239 0.911418 27.938829 0.000000 0.000000 0.000000 1.000000
0.997242 -0.065635 0.034643 0.591697 0.074093 0.907400 -0.413685 56.573135 -0.004283 0.415111 0.909761 36.287910 0.000000 0.000000 0.000000 1.000000
0.996470 -0.034346 0.076607 0.727236 0.061591 0.919151 -0.389061 56.411011 -0.057051 0.392406 0.918021 44.294334 0.000000 0.000000 0.000000 1.000000
0.994632 -0.045969 0.092702 0.807158 0.075594 0.934580 -0.347630 55.705933 -0.070657 0.352772 0.933038 52.214897 0.000000 0.000000 0.000000 1.000000
0.993200 -0.069862 0.093130 0.875118 0.096440 0.941818 -0.321991 54.727016 -0.065216 0.328782 0.942151 60.011475 0.000000 0.000000 0.000000 1.000000
0.988946 -0.096958 0.112185 1.033826 0.127702 0.941432 -0.312085 53.165958 -0.075355 0.322962 0.943407 67.428772 0.000000 0.000000 0.000000 1.000000
0.978742 -0.115842 0.169247 1.100461 0.165023 0.934811 -0.314477 51.590797 -0.121784 0.335721 0.934056 74.773872 0.000000 0.000000 0.000000 1.000000
0.968642 -0.065820 0.239584 0.947927 0.143233 0.935844 -0.321993 50.659088 -0.203019 0.346212 0.915926 83.412277 0.000000 0.000000 0.000000 1.000000
0.962346 0.017458 0.271265 0.906222 0.074784 0.942422 -0.325958 51.359612 -0.261336 0.333971 0.905630 92.757416 0.000000 0.000000 0.000000 1.000000
0.969297 0.083585 0.231249 0.922879 0.000918 0.939214 -0.343330 53.157108 -0.245889 0.333001 0.910301 102.077026 0.000000 0.000000 0.000000 1.000000
0.983292 0.140185 0.116129 0.847067 -0.089603 0.928028 -0.361574 54.670429 -0.158458 0.345127 0.925083 111.274452 0.000000 0.000000 0.000000 1.000000
0.987018 0.159917 -0.014881 0.737053 -0.154091 0.916768 -0.368501 55.847546 -0.045287 0.366011 0.929508 120.246284 0.000000 0.000000 0.000000 1.000000
0.986941 0.134995 -0.087887 0.586070 -0.158527 0.910789 -0.381224 57.016319 0.028583 0.390178 0.920296 129.129044 0.000000 0.000000 0.000000 1.000000
0.989045 0.107610 -0.101045 0.556806 -0.137989 0.917127 -0.373948 57.093018 0.052430 0.383795 0.921929 137.620041 0.000000 0.000000 0.000000 1.000000
0.990476 0.094787 -0.099860 0.648850 -0.124158 0.928387 -0.350261 56.544292 0.059508 0.359324 0.931314 146.431610 0.000000 0.000000 0.000000 1.000000
0.988668 0.095814 -0.115561 0.578824 -0.129721 0.932716 -0.336471 55.440105 0.075547 0.347649 0.934576 155.717651 0.000000 0.000000 0.000000 1.000000
0.978395 0.125626 -0.164201 0.310357 -0.174652 0.927233 -0.331265 53.740231 0.110637 0.352786 0.929140 164.793030 0.000000 0.000000 0.000000 1.000000
0.955516 0.169985 -0.241025 0.053208 -0.247761 0.905967 -0.343276 52.297325 0.160009 0.387722 0.907782 173.234421 0.000000 0.000000 0.000000 1.000000
0.941742 0.146535 -0.302736 -0.078235 -0.253877 0.900100 -0.354071 51.578907 0.220609 0.410301 0.884864 182.611633 0.000000 0.000000 0.000000 1.000000
0.946591 0.079246 -0.312547 -0.111270 -0.188645 0.922226 -0.337509 52.317162 0.261493 0.378444 0.887920 193.003128 0.000000 0.000000 0.000000 1.000000</float_array>
        <technique_common>
          <accessor source="#mixamorig6_Hips-Matrix-animation-output-transform-array" count="23" stride="16">
            <param type="float4x4"/>
          </accessor>
        </technique_common>
      </source>
      <source id="mixamorig6_Hips-Interpolations">
        <Name_array id="mixamorig6_Hips-Interpolations-array" count="23">
 LINEAR LINEAR LINEAR LINEAR LINEAR LINEAR LINEAR LINEAR LINEAR LINEAR LINEAR
LINEAR LINEAR LINEAR LINEAR LINEAR LINEAR LINEAR LINEAR LINEAR LINEAR LINEAR LINEAR</Name_array>
        <technique_common>
          <accessor source="#mixamorig6_Hips-Interpolations-array" count="23">
            <param type="name"/>
          </accessor>
        </technique_common>
      </source>
      <sampler id="mixamorig6_Hips-Matrix-animation-transform">
        <input semantic="INPUT" source="#mixamorig6_Hips-Matrix-animation-input"/>
        <input semantic="OUTPUT" source="#mixamorig6_Hips-Matrix-animation-output-transform"/>
        <input semantic="INTERPOLATION" source="#mixamorig6_Hips-Interpolations"/>
      </sampler>
      <channel source="#mixamorig6_Hips-Matrix-animation-transform" target="mixamorig6_Hips/matrix"/>
    </animation>
    <animation id="mixamorig6_Spine-anim" name="mixamorig6_Spine">
      <source id="mixamorig6_Spine-Matrix-animation-input">
        <float_array id="mixamorig6_Spine-Matrix-animation-input-array" count="23">

0.000000 0.033333 0.066667 0.100000 0.133333 0.166667 0.200000 0.233333 0.266667 0.300000 0.333333 0.366667 0.400000 0.433333 0.466667 0.500000
0.533333 0.566667 0.600000 0.633333 0.666667 0.700000 0.733333</float_array>
        <technique_common>
          <accessor source="#mixamorig6_Spine-Matrix-animation-input-array" count="23">
            <param name="TIME" type="float"/>
          </accessor>
        </technique_common>
      </source>
      <source id="mixamorig6_Spine-Matrix-animation-output-transform">
        <float_array id="mixamorig6_Spine-Matrix-animation-output-transform-array" count="368">

0.975085 -0.033867 0.219232 -0.000000 0.092386 0.960491 -0.262531 6.292300 -0.201679 0.276244 0.939689 0.090600 0.000000 0.000000 0.000000 1.000000
0.963504 0.058835 0.261147 -0.000000 0.009010 0.967868 -0.251298 6.292300 -0.267541 0.244480 0.932015 0.090600 0.000000 0.000000 0.000000 1.000000
0.953786 0.139983 0.265889 -0.000000 -0.081060 0.971918 -0.220916 6.292300 -0.289347 0.189154 0.938349 0.090600 0.000000 0.000000 0.000000 1.000000
0.953161 0.167065 0.252139 0.000000 -0.121255 0.974755 -0.187485 6.292300 -0.277096 0.148130 0.949355 0.090600 0.000000 0.000000 0.000000 1.000000
0.964820 0.132324 0.227186 -0.000000 -0.098550 0.983129 -0.154096 6.292300 -0.243744 0.126285 0.961583 0.090600 0.000000 0.000000 0.000000 1.000000
0.976367 0.104855 0.188979 0.000000 -0.075703 0.984950 -0.155376 6.292300 -0.202427 0.137397 0.969611 0.090600 0.000000 0.000000 0.000000 1.000000
0.979473 0.122486 0.160093 0.000000 -0.092357 0.978636 -0.183691 6.292300 -0.179172 0.165135 0.969860 0.090600 0.000000 0.000000 0.000000 1.000000
0.978130 0.156052 0.137511 0.000000 -0.125686 0.970228 -0.207031 6.292300 -0.165724 0.185220 0.968622 0.090600 0.000000 0.000000 0.000000 1.000000
0.979363 0.184223 0.083128 -0.000000 -0.161205 0.960104 -0.228504 6.292300 -0.121907 0.210387 0.969988 0.090600 0.000000 0.000000 0.000000 1.000000
0.981005 0.193651 -0.011334 0.000000 -0.190393 0.950014 -0.247436 6.292300 -0.037149 0.244894 0.968838 0.090600 0.000000 0.000000 0.000000 1.000000
0.985173 0.130640 -0.111206 0.000000 -0.154493 0.957407 -0.243933 6.292300 0.074602 0.257497 0.963395 0.090600 0.000000 0.000000 0.000000 1.000000
0.980450 0.025958 -0.195047 0.000000 -0.073619 0.967659 -0.241282 6.292300 0.182476 0.250924 0.950652 0.090600 0.000000 0.000000 0.000000 1.000000
0.967406 -0.059908 -0.246042 0.000000 0.001844 0.973254 -0.229725 6.292300 0.253224 0.221784 0.941642 0.090600 0.000000 0.000000 0.000000 1.000000
0.961262 -0.127815 -0.244212 0.000000 0.074384 0.973407 -0.216670 6.292300 0.265411 0.190111 0.945206 0.090600 0.000000 0.000000 0.000000 1.000000
0.965455 -0.154831 -0.209582 0.000000 0.110698 0.971840 -0.208021 6.292300 0.235888 0.177635 0.955407 0.090600 0.000000 0.000000 0.000000 1.000000
0.974867 -0.135483 -0.176855 0.000000 0.101493 0.976755 -0.188810 6.292300 0.198325 0.166115 0.965957 0.090600 0.000000 0.000000 0.000000 1.000000
0.982275 -0.113717 -0.149014 0.000000 0.082329 0.975909 -0.202049 6.292300 0.168400 0.186200 0.967973 0.090600 0.000000 0.000000 0.000000 1.000000
0.986707 -0.108257 -0.121205 0.000000 0.078175 0.970043 -0.230010 6.292300 0.142474 0.217477 0.965611 0.090600 0.000000 0.000000 0.000000 1.000000
0.988996 -0.118667 -0.088346 -0.000000 0.094389 0.965963 -0.240845 6.292300 0.113919 0.229856 0.966534 0.090600 0.000000 0.000000 0.000000 1.000000
0.989101 -0.145714 -0.021145 0.000000 0.135953 0.958956 -0.248838 6.292300 0.056536 0.243251 0.968314 0.090600 0.000000 0.000000 0.000000 1.000000
0.981610 -0.172271 0.082242 0.000000 0.187778 0.948914 -0.253577 6.292300 -0.034357 0.264357 0.963813 0.090600 0.000000 0.000000 0.000000 1.000000
0.978468 -0.128905 0.161196 0.000000 0.166461 0.954597 -0.247055 6.292300 -0.122030 0.268568 0.955500 0.090600 0.000000 0.000000 0.000000 1.000000
0.975085 -0.033867 0.219232 0.000000 0.092386 0.960491 -0.262531 6.292300 -0.201679 0.276244 0.939689 0.090600 0.000000 0.000000 0.000000 1.000000</float_array>
        <technique_common>
          <accessor source="#mixamorig6_Spine-Matrix-animation-output-transform-array" count="23" stride="16">
            <param type="float4x4"/>
          </accessor>
        </technique_common>
      </source>
      <source id="mixamorig6_Spine-Interpolations">
        <Name_array id="mixamorig6_Spine-Interpolations-array" count="23">
 LINEAR LINEAR LINEAR LINEAR LINEAR LINEAR LINEAR LINEAR LINEAR LINEAR LINEAR
LINEAR LINEAR LINEAR LINEAR LINEAR LINEAR LINEAR LINEAR LINEAR LINEAR LINEAR LINEAR</Name_array>
        <technique_common>
          <accessor source="#mixamorig6_Spine-Interpolations-array" count="23">
            <param type="name"/>
          </accessor>
        </technique_common>
      </source>
      <sampler id="mixamorig6_Spine-Matrix-animation-transform">
        <input semantic="INPUT" source="#mixamorig6_Spine-Matrix-animation-input"/>
        <input semantic="OUTPUT" source="#mixamorig6_Spine-Matrix-animation-output-transform"/>
        <input semantic="INTERPOLATION" source="#mixamorig6_Spine-Interpolations"/>
      </sampler>
      <channel source="#mixamorig6_Spine-Matrix-animation-transform" target="mixamorig6_Spine/matrix"/>
    </animation>
    <animation id="mixamorig6_Spine1-anim" name="mixamorig6_Spine1">
      <source id="mixamorig6_Spine1-Matrix-animation-input">
        <float_array id="mixamorig6_Spine1-Matrix-animation-input-array" count="23">

0.000000 0.033333 0.066667 0.100000 0.133333 0.166667 0.200000 0.233333 0.266667 0.300000 0.333333 0.366667 0.400000 0.433333 0.466667 0.500000
0.533333 0.566667 0.600000 0.633333 0.666667 0.700000 0.733333</float_array>
        <technique_common>
          <accessor source="#mixamorig6_Spine1-Matrix-animation-input-array" count="23">
            <param name="TIME" type="float"/>
          </accessor>
        </technique_common>
      </source>
      <source id="mixamorig6_Spine1-Matrix-animation-output-transform">
        <float_array id="mixamorig6_Spine1-Matrix-animation-output-transform-array" count="368">

0.998511 -0.011762 0.053269 -0.000000 0.012823 0.999725 -0.019631 7.341700 -0.053023 0.020285 0.998387 0.000000 0.000000 0.000000 0.000000 1.000000
0.997469 0.000066 0.071108 0.000000 0.001016 0.999884 -0.015177 7.341700 -0.071101 0.015211 0.997353 -0.000000 0.000000 0.000000 0.000000 1.000000
0.996877 0.012278 0.078007 0.000000 -0.011401 0.999867 -0.011686 7.341700 -0.078140 0.010760 0.996884 0.000000 0.000000 0.000000 0.000000 1.000000
0.996899 0.021444 0.075713 0.000000 -0.020724 0.999732 -0.010286 7.341700 -0.075913 0.008685 0.997077 0.000000 0.000000 0.000000 0.000000 1.000000
0.997558 0.021261 0.066525 0.000000 -0.020695 0.999744 -0.009185 7.341700 -0.066703 0.007786 0.997742 0.000000 0.000000 0.000000 0.000000 1.000000
0.998395 0.016715 0.054115 0.000000 -0.016020 0.999784 -0.013266 7.341700 -0.054325 0.012378 0.998447 0.000000 0.000000 0.000000 0.000000 1.000000
0.998781 0.017154 0.046274 -0.000000 -0.016016 0.999563 -0.024857 7.341700 -0.046680 0.024086 0.998619 0.000000 0.000000 0.000000 0.000000 1.000000
0.998909 0.021853 0.041270 0.000000 -0.020530 0.999270 -0.032224 7.341700 -0.041944 0.031342 0.998628 -0.000000 0.000000 0.000000 0.000000 1.000000
0.999208 0.026969 0.029275 0.000000 -0.025998 0.999115 -0.033052 7.341700 -0.030140 0.032265 0.999025 0.000000 0.000000 0.000000 0.000000 1.000000
0.999539 0.029265 0.008141 0.000000 -0.028998 0.999092 -0.031209 7.341700 -0.009047 0.030959 0.999480 0.000000 0.000000 0.000000 0.000000 1.000000
0.999595 0.020974 -0.019252 -0.000000 -0.021493 0.999401 -0.027139 7.341700 0.018671 0.027542 0.999446 0.000000 0.000000 0.000000 0.000000 1.000000
0.998835 0.007941 -0.047591 -0.000000 -0.009011 0.999710 -0.022319 7.341700 0.047400 0.022722 0.998618 0.000000 0.000000 0.000000 0.000000 1.000000
0.997712 -0.001240 -0.067603 0.000000 0.000195 0.999880 -0.015474 7.341700 0.067614 0.015425 0.997592 0.000000 0.000000 0.000000 0.000000 1.000000
0.997355 -0.008479 -0.072190 0.000000 0.007546 0.999885 -0.013191 7.341700 0.072293 0.012612 0.997304 0.000000 0.000000 0.000000 0.000000 1.000000
0.997824 -0.013180 -0.064596 0.000000 0.012125 0.999787 -0.016704 7.341700 0.064802 0.015884 0.997772 0.000000 0.000000 0.000000 0.000000 1.000000
0.998415 -0.012893 -0.054785 0.000000 0.011765 0.999713 -0.020866 7.341700 0.055039 0.020188 0.998280 0.000000 0.000000 0.000000 0.000000 1.000000
0.998887 -0.009820 -0.046125 -0.000000 0.008751 0.999690 -0.023320 7.341700 0.046339 0.022890 0.998663 0.000000 0.000000 0.000000 0.000000 1.000000
0.999251 -0.008591 -0.037736 0.000000 0.007470 0.999530 -0.029747 7.341700 0.037974 0.029443 0.998845 0.000000 0.000000 0.000000 0.000000 1.000000
0.999528 -0.010689 -0.028815 0.000000 0.009659 0.999318 -0.035642 7.341700 0.029177 0.035347 0.998949 0.000000 0.000000 0.000000 0.000000 1.000000
0.999792 -0.015914 -0.012736 0.000000 0.015441 0.999217 -0.036423 7.341700 0.013306 0.036218 0.999255 -0.000000 0.000000 0.000000 0.000000 1.000000
0.999635 -0.024995 0.010208 -0.000000 0.025292 0.999229 -0.030022 7.341700 -0.009450 0.030269 0.999497 -0.000000 0.000000 0.000000 0.000000 1.000000
0.999215 -0.023919 0.031565 0.000000 0.024637 0.999442 -0.022557 7.341700 -0.031008 0.023317 0.999247 -0.000000 0.000000 0.000000 0.000000 1.000000
0.998511 -0.011762 0.053269 0.000000 0.012823 0.999725 -0.019631 7.341700 -0.053023 0.020285 0.998387 0.000000 0.000000 0.000000 0.000000 1.000000</float_array>
        <technique_common>
          <accessor source="#mixamorig6_Spine1-Matrix-animation-output-transform-array" count="23" stride="16">
            <param type="float4x4"/>
          </accessor>
        </technique_common>
      </source>
      <source id="mixamorig6_Spine1-Interpolations">
        <Name_array id="mixamorig6_Spine1-Interpolations-array" count="23">
 LINEAR LINEAR LINEAR LINEAR LINEAR LINEAR LINEAR LINEAR LINEAR LINEAR LINEAR
LINEAR LINEAR LINEAR LINEAR LINEAR LINEAR LINEAR LINEAR LINEAR LINEAR LINEAR LINEAR</Name_array>
        <technique_common>
          <accessor source="#mixamorig6_Spine1-Interpolations-array" count="23">
            <param type="name"/>
          </accessor>
        </technique_common>
      </source>
      <sampler id="mixamorig6_Spine1-Matrix-animation-transform">
        <input semantic="INPUT" source="#mixamorig6_Spine1-Matrix-animation-input"/>
        <input semantic="OUTPUT" source="#mixamorig6_Spine1-Matrix-animation-output-transform"/>
        <input semantic="INTERPOLATION" source="#mixamorig6_Spine1-Interpolations"/>
      </sampler>
      <channel source="#mixamorig6_Spine1-Matrix-animation-transform" target="mixamorig6_Spine1/matrix"/>
    </animation>
    <animation id="mixamorig6_Spine2-anim" name="mixamorig6_Spine2">
      <source id="mixamorig6_Spine2-Matrix-animation-input">
        <float_array id="mixamorig6_Spine2-Matrix-animation-input-array" count="23">

0.000000 0.033333 0.066667 0.100000 0.133333 0.166667 0.200000 0.233333 0.266667 0.300000 0.333333 0.366667 0.400000 0.433333 0.466667 0.500000
0.533333 0.566667 0.600000 0.633333 0.666667 0.700000 0.733333</float_array>
        <technique_common>
          <accessor source="#mixamorig6_Spine2-Matrix-animation-input-array" count="23">
            <param name="TIME" type="float"/>
          </accessor>
        </technique_common>
      </source>
      <source id="mixamorig6_Spine2-Matrix-animation-output-transform">
        <float_array id="mixamorig6_Spine2-Matrix-animation-output-transform-array" count="368">

0.998552 -0.011415 0.052566 0.000000 0.012494 0.999717 -0.020254 8.390600 -0.052320 0.020881 0.998412 -0.000000 0.000000 0.000000 0.000000 1.000000
0.997496 0.000387 0.070726 0.000000 0.000718 0.999878 -0.015592 8.390600 -0.070723 0.015604 0.997374 0.000000 0.000000 0.000000 0.000000 1.000000
0.996874 0.012455 0.078022 0.000000 -0.011582 0.999865 -0.011630 8.390600 -0.078157 0.010690 0.996884 0.000000 0.000000 0.000000 0.000000 1.000000
0.996878 0.021686 0.075917 0.000000 -0.020999 0.999731 -0.009833 8.390600 -0.076110 0.008208 0.997066 -0.000000 0.000000 0.000000 0.000000 1.000000
0.997541 0.021492 0.066704 0.000000 -0.020954 0.999742 -0.008741 8.390600 -0.066874 0.007322 0.997735 0.000000 0.000000 0.000000 0.000000 1.000000
0.998385 0.017096 0.054169 0.000000 -0.016413 0.999780 -0.013023 8.390600 -0.054380 0.012113 0.998447 0.000000 0.000000 0.000000 0.000000 1.000000
0.998775 0.017856 0.046145 -0.000000 -0.016731 0.999556 -0.024649 8.390600 -0.046564 0.023847 0.998631 0.000000 0.000000 0.000000 0.000000 1.000000
0.998898 0.022711 0.041071 0.000000 -0.021408 0.999262 -0.031897 8.390600 -0.041765 0.030983 0.998647 -0.000000 0.000000 0.000000 0.000000 1.000000
0.999187 0.027694 0.029306 0.000000 -0.026735 0.999110 -0.032638 8.390600 -0.030183 0.031828 0.999037 0.000000 0.000000 0.000000 0.000000 1.000000
0.999522 0.029718 0.008569 0.000000 -0.029439 0.999086 -0.031003 8.390600 -0.009482 0.030736 0.999483 0.000000 0.000000 0.000000 0.000000 1.000000
0.999603 0.021101 -0.018675 -0.000000 -0.021609 0.999391 -0.027394 8.390600 0.018086 0.027787 0.999450 0.000000 0.000000 0.000000 0.000000 1.000000
0.998857 0.007902 -0.047133 0.000000 -0.008983 0.999700 -0.022775 8.390600 0.046939 0.023172 0.998629 0.000000 0.000000 0.000000 0.000000 1.000000
0.997728 -0.001044 -0.067365 -0.000000 -0.000022 0.999875 -0.015826 8.390600 0.067373 0.015792 0.997603 -0.000000 0.000000 0.000000 0.000000 1.000000
0.997358 -0.008073 -0.072196 0.000000 0.007131 0.999886 -0.013296 8.390600 0.072295 0.012746 0.997302 0.000000 0.000000 0.000000 0.000000 1.000000
0.997826 -0.013057 -0.064598 0.000000 0.012005 0.999789 -0.016653 8.390600 0.064802 0.015841 0.997772 0.000000 0.000000 0.000000 0.000000 1.000000
0.998419 -0.012780 -0.054735 0.000000 0.011656 0.999715 -0.020819 8.390600 0.054986 0.020148 0.998284 0.000000 0.000000 0.000000 0.000000 1.000000
0.998892 -0.009721 -0.046044 0.000000 0.008654 0.999691 -0.023323 8.390600 0.046256 0.022899 0.998667 0.000000 0.000000 0.000000 0.000000 1.000000
0.999256 -0.008580 -0.037611 0.000000 0.007463 0.999529 -0.029751 8.390600 0.037849 0.029449 0.998849 0.000000 0.000000 0.000000 0.000000 1.000000
0.999531 -0.010704 -0.028692 0.000000 0.009680 0.999320 -0.035585 8.390600 0.029053 0.035290 0.998955 0.000000 0.000000 0.000000 0.000000 1.000000
0.999794 -0.015743 -0.012794 0.000000 0.015269 0.999224 -0.036313 8.390600 0.013356 0.036110 0.999259 0.000000 0.000000 0.000000 0.000000 1.000000
0.999650 -0.024649 0.009572 0.000000 0.024927 0.999236 -0.030109 8.390600 -0.008823 0.030337 0.999501 0.000000 0.000000 0.000000 0.000000 1.000000
0.999253 -0.023572 0.030617 -0.000000 0.024282 0.999439 -0.023050 8.390600 -0.030056 0.023776 0.999265 -0.000000 0.000000 0.000000 0.000000 1.000000
0.998552 -0.011415 0.052566 0.000000 0.012494 0.999717 -0.020254 8.390600 -0.052320 0.020881 0.998412 0.000000 0.000000 0.000000 0.000000 1.000000</float_array>
        <technique_common>
          <accessor source="#mixamorig6_Spine2-Matrix-animation-output-transform-array" count="23" stride="16">
            <param type="float4x4"/>
          </accessor>
        </technique_common>
      </source>
      <source id="mixamorig6_Spine2-Interpolations">
        <Name_array id="mixamorig6_Spine2-Interpolations-array" count="23">
 LINEAR LINEAR LINEAR LINEAR LINEAR LINEAR LINEAR LINEAR LINEAR LINEAR LINEAR
LINEAR LINEAR LINEAR LINEAR LINEAR LINEAR LINEAR LINEAR LINEAR LINEAR LINEAR LINEAR</Name_array>
        <technique_common>
          <accessor source="#mixamorig6_Spine2-Interpolations-array" count="23">
            <param type="name"/>
          </accessor>
        </technique_common>
      </source>
      <sampler id="mixamorig6_Spine2-Matrix-animation-transform">
        <input semantic="INPUT" source="#mixamorig6_Spine2-Matrix-animation-input"/>
        <input semantic="OUTPUT" source="#mixamorig6_Spine2-Matrix-animation-output-transform"/>
        <input semantic="INTERPOLATION" source="#mixamorig6_Spine2-Interpolations"/>
      </sampler>
      <channel source="#mixamorig6_Spine2-Matrix-animation-transform" target="mixamorig6_Spine2/matrix"/>
    </animation>
    <animation id="mixamorig6_Neck-anim" name="mixamorig6_Neck">
      <source id="mixamorig6_Neck-Matrix-animation-input">
        <float_array id="mixamorig6_Neck-Matrix-animation-input-array" count="23">

0.000000 0.033333 0.066667 0.100000 0.133333 0.166667 0.200000 0.233333 0.266667 0.300000 0.333333 0.366667 0.400000 0.433333 0.466667 0.500000
0.533333 0.566667 0.600000 0.633333 0.666667 0.700000 0.733333</float_array>
        <technique_common>
          <accessor source="#mixamorig6_Neck-Matrix-animation-input-array" count="23">
            <param name="TIME" type="float"/>
          </accessor>
        </technique_common>
      </source>
      <source id="mixamorig6_Neck-Matrix-animation-output-transform">
        <float_array id="mixamorig6_Neck-Matrix-animation-output-transform-array" count="368">

0.999269 -0.023759 -0.029938 0.000000 0.027806 0.989337 0.142966 9.439400 0.026222 -0.143694 0.989275 0.000000 0.000000 0.000000 0.000000 1.000000
0.999040 -0.012634 -0.041946 -0.000000 0.018597 0.989263 0.144962 9.439400 0.039664 -0.145602 0.988548 0.000000 0.000000 0.000000 0.000000 1.000000
0.998719 0.000145 -0.050596 0.000000 0.007227 0.989335 0.145478 9.439400 0.050077 -0.145657 0.988067 -0.000000 0.000000 0.000000 0.000000 1.000000
0.998305 0.003235 -0.058104 0.000000 0.005080 0.989797 0.142391 9.439400 0.057972 -0.142445 0.988104 0.000000 0.000000 0.000000 0.000000 1.000000
0.998050 -0.001182 -0.062410 0.000000 0.009631 0.990764 0.135257 9.439400 0.061674 -0.135595 0.988843 0.000000 0.000000 0.000000 0.000000 1.000000
0.998135 -0.004722 -0.060858 0.000000 0.012439 0.991817 0.127060 9.439400 0.059760 -0.127580 0.990026 -0.000000 0.000000 0.000000 0.000000 1.000000
0.998249 -0.007573 -0.058665 0.000000 0.014602 0.992626 0.120334 9.439400 0.057321 -0.120980 0.990999 0.000000 0.000000 0.000000 0.000000 1.000000
0.998353 -0.010545 -0.056400 0.000000 0.017038 0.993113 0.115915 9.439400 0.054789 -0.116685 0.991657 0.000000 0.000000 0.000000 0.000000 1.000000
0.998631 -0.010247 -0.051299 0.000000 0.016113 0.993203 0.115271 9.439400 0.049769 -0.115940 0.992009 0.000000 0.000000 0.000000 0.000000 1.000000
0.998916 -0.010372 -0.045371 0.000000 0.015867 0.992344 0.122479 9.439400 0.043753 -0.123066 0.991434 0.000000 0.000000 0.000000 0.000000 1.000000
0.999195 -0.014150 -0.037543 0.000000 0.018856 0.991577 0.128137 9.439400 0.035413 -0.128742 0.991046 0.000000 0.000000 0.000000 0.000000 1.000000
0.999481 -0.020155 -0.025135 0.000000 0.023224 0.991444 0.128448 9.439400 0.022331 -0.128965 0.991398 -0.000000 0.000000 0.000000 0.000000 1.000000
0.999496 -0.029082 -0.012704 0.000000 0.030460 0.991470 0.126723 9.439400 0.008910 -0.127046 0.991857 0.000000 0.000000 0.000000 0.000000 1.000000
0.999231 -0.038911 -0.004841 0.000000 0.039211 0.991540 0.123737 9.439400 -0.000014 -0.123832 0.992303 0.000000 0.000000 0.000000 0.000000 1.000000
0.999055 -0.043469 -0.000311 -0.000000 0.043172 0.991346 0.123970 9.439400 -0.005080 -0.123866 0.992286 0.000000 0.000000 0.000000 0.000000 1.000000
0.999152 -0.041099 0.002470 0.000000 0.040461 0.991218 0.125899 9.439400 -0.007623 -0.125693 0.992040 0.000000 0.000000 0.000000 0.000000 1.000000
0.999380 -0.035121 0.002662 0.000000 0.034524 0.991747 0.123476 9.439400 -0.006976 -0.123307 0.992344 -0.000000 0.000000 0.000000 0.000000 1.000000
0.999612 -0.027852 0.000576 -0.000000 0.027583 0.992438 0.119604 9.439400 -0.003903 -0.119542 0.992821 0.000000 0.000000 0.000000 0.000000 1.000000
0.999745 -0.022472 -0.002211 -0.000000 0.022575 0.992482 0.120289 9.439400 -0.000509 -0.120308 0.992736 -0.000000 0.000000 0.000000 0.000000 1.000000
0.999701 -0.023177 -0.007778 -0.000000 0.023969 0.991858 0.125075 9.439400 0.004816 -0.125224 0.992117 -0.000000 0.000000 0.000000 0.000000 1.000000
0.999650 -0.022961 -0.013111 0.000000 0.024494 0.990923 0.132179 9.439400 0.009957 -0.132454 0.991139 0.000000 0.000000 0.000000 0.000000 1.000000
0.999549 -0.023574 -0.018614 0.000000 0.025918 0.990116 0.137834 9.439400 0.015181 -0.138254 0.990280 0.000000 0.000000 0.000000 0.000000 1.000000
0.999269 -0.023759 -0.029938 -0.000000 0.027806 0.989337 0.142966 9.439400 0.026222 -0.143694 0.989275 0.000000 0.000000 0.000000 0.000000 1.000000</float_array>
        <technique_common>
          <accessor source="#mixamorig6_Neck-Matrix-animation-output-transform-array" count="23" stride="16">
            <param type="float4x4"/>
          </accessor>
        </technique_common>
      </source>
      <source id="mixamorig6_Neck-Interpolations">
        <Name_array id="mixamorig6_Neck-Interpolations-array" count="23">
 LINEAR LINEAR LINEAR LINEAR LINEAR LINEAR LINEAR LINEAR LINEAR LINEAR LINEAR
LINEAR LINEAR LINEAR LINEAR LINEAR LINEAR LINEAR LINEAR LINEAR LINEAR LINEAR LINEAR</Name_array>
        <technique_common>
          <accessor source="#mixamorig6_Neck-Interpolations-array" count="23">
            <param type="name"/>
          </accessor>
        </technique_common>
      </source>
      <sampler id="mixamorig6_Neck-Matrix-animation-transform">
        <input semantic="INPUT" source="#mixamorig6_Neck-Matrix-animation-input"/>
        <input semantic="OUTPUT" source="#mixamorig6_Neck-Matrix-animation-output-transform"/>
        <input semantic="INTERPOLATION" source="#mixamorig6_Neck-Interpolations"/>
      </sampler>
      <channel source="#mixamorig6_Neck-Matrix-animation-transform" target="mixamorig6_Neck/matrix"/>
    </animation>
    <animation id="mixamorig6_Head-anim" name="mixamorig6_Head">
      <source id="mixamorig6_Head-Matrix-animation-input">
        <float_array id="mixamorig6_Head-Matrix-animation-input-array" count="23">

0.000000 0.033333 0.066667 0.100000 0.133333 0.166667 0.200000 0.233333 0.266667 0.300000 0.333333 0.366667 0.400000 0.433333 0.466667 0.500000
0.533333 0.566667 0.600000 0.633333 0.666667 0.700000 0.733333</float_array>
        <technique_common>
          <accessor source="#mixamorig6_Head-Matrix-animation-input-array" count="23">
            <param name="TIME" type="float"/>
          </accessor>
        </technique_common>
      </source>
      <source id="mixamorig6_Head-Matrix-animation-output-transform">
        <float_array id="mixamorig6_Head-Matrix-animation-output-transform-array" count="368">

0.999297 -0.020331 -0.031501 0.000000 0.024218 0.991428 0.128391 9.228300 0.028621 -0.129064 0.991223 3.015700 0.000000 0.000000 0.000000 1.000000
0.998986 -0.009037 -0.044106 -0.000000 0.014718 0.991373 0.130238 9.228300 0.042548 -0.130756 0.990501 3.015700 0.000000 0.000000 0.000000 1.000000
0.998564 0.003792 -0.053440 0.000000 0.003216 0.991450 0.130445 9.228300 0.053477 -0.130430 0.990014 3.015700 0.000000 0.000000 0.000000 1.000000
0.998121 0.006748 -0.060897 0.000000 0.001058 0.991869 0.127255 9.228300 0.061260 -0.127081 0.989999 3.015700 0.000000 0.000000 0.000000 1.000000
0.997903 0.002050 -0.064699 0.000000 0.005760 0.992722 0.120287 9.228300 0.064474 -0.120408 0.990629 3.015700 0.000000 0.000000 0.000000 1.000000
0.998016 -0.001777 -0.062940 -0.000000 0.008846 0.993645 0.112207 9.228300 0.062341 -0.112541 0.991689 3.015700 0.000000 0.000000 0.000000 1.000000
0.998139 -0.004765 -0.060789 -0.000000 0.011171 0.994358 0.105487 9.228300 0.059943 -0.105969 0.992561 3.015700 0.000000 0.000000 0.000000 1.000000
0.998254 -0.007809 -0.058554 -0.000000 0.013711 0.994784 0.101075 9.228300 0.057460 -0.101701 0.993154 3.015700 0.000000 0.000000 0.000000 1.000000
0.998539 -0.007655 -0.053495 0.000000 0.013009 0.994854 0.100475 9.228300 0.052450 -0.101024 0.993500 3.015700 0.000000 0.000000 0.000000 1.000000
0.998833 -0.007997 -0.047639 0.000000 0.013099 0.994089 0.107774 9.228300 0.046496 -0.108272 0.993033 3.015700 0.000000 0.000000 0.000000 1.000000
0.999140 -0.012096 -0.039666 0.000000 0.016533 0.993397 0.113530 9.228300 0.038031 -0.114089 0.992742 3.015700 0.000000 0.000000 0.000000 1.000000
0.999468 -0.018346 -0.026976 0.000000 0.021305 0.993271 0.113840 9.228300 0.024706 -0.114354 0.993133 3.015700 0.000000 0.000000 0.000000 1.000000
0.999527 -0.027311 -0.014137 0.000000 0.028724 0.993301 0.111925 9.228300 0.010985 -0.112279 0.993616 3.015700 0.000000 0.000000 0.000000 1.000000
0.999298 -0.037031 -0.005746 -0.000000 0.037436 0.993380 0.108601 9.228300 0.001686 -0.108740 0.994069 3.015700 0.000000 0.000000 0.000000 1.000000
0.999137 -0.041524 -0.001029 0.000000 0.041390 0.993216 0.108667 9.228300 -0.003490 -0.108615 0.994078 3.015700 0.000000 0.000000 0.000000 1.000000
0.999234 -0.039111 0.001552 0.000000 0.038699 0.993100 0.110704 9.228300 -0.005871 -0.110559 0.993852 3.015700 0.000000 0.000000 0.000000 1.000000
0.999456 -0.032936 0.001504 0.000000 0.032579 0.993567 0.108462 9.228300 -0.005067 -0.108354 0.994099 3.015700 0.000000 0.000000 0.000000 1.000000
0.999674 -0.025504 -0.000754 0.000000 0.025443 0.994176 0.104723 9.228300 -0.001921 -0.104708 0.994501 3.015700 0.000000 0.000000 0.000000 1.000000
0.999792 -0.020089 -0.003607 0.000000 0.020358 0.994214 0.105471 9.228300 0.001467 -0.105522 0.994416 3.015700 0.000000 0.000000 0.000000 1.000000
0.999745 -0.020656 -0.009080 0.000000 0.021532 0.993669 0.110265 9.228300 0.006745 -0.110432 0.993861 3.015700 0.000000 0.000000 0.000000 1.000000
0.999694 -0.020106 -0.014382 -0.000000 0.021657 0.992845 0.117429 9.228300 0.011918 -0.117705 0.992977 3.015700 0.000000 0.000000 0.000000 1.000000
0.999591 -0.020386 -0.020042 0.000000 0.022703 0.992124 0.123183 9.228300 0.017373 -0.123588 0.992182 3.015700 0.000000 0.000000 0.000000 1.000000
0.999297 -0.020331 -0.031501 0.000000 0.024218 0.991428 0.128391 9.228300 0.028621 -0.129064 0.991223 3.015700 0.000000 0.000000 0.000000 1.000000</float_array>
        <technique_common>
          <accessor source="#mixamorig6_Head-Matrix-animation-output-transform-array" count="23" stride="16">
            <param type="float4x4"/>
          </accessor>
        </technique_common>
      </source>
      <source id="mixamorig6_Head-Interpolations">
        <Name_array id="mixamorig6_Head-Interpolations-array" count="23">
 LINEAR LINEAR LINEAR LINEAR LINEAR LINEAR LINEAR LINEAR LINEAR LINEAR LINEAR
LINEAR LINEAR LINEAR LINEAR LINEAR LINEAR LINEAR LINEAR LINEAR LINEAR LINEAR LINEAR</Name_array>
        <technique_common>
          <accessor source="#mixamorig6_Head-Interpolations-array" count="23">
            <param type="name"/>
          </accessor>
        </technique_common>
      </source>
      <sampler id="mixamorig6_Head-Matrix-animation-transform">
        <input semantic="INPUT" source="#mixamorig6_Head-Matrix-animation-input"/>
        <input semantic="OUTPUT" source="#mixamorig6_Head-Matrix-animation-output-transform"/>
        <input semantic="INTERPOLATION" source="#mixamorig6_Head-Interpolations"/>
      </sampler>
      <channel source="#mixamorig6_Head-Matrix-animation-transform" target="mixamorig6_Head/matrix"/>
    </animation>
    <animation id="mixamorig6_LeftShoulder-anim" name="mixamorig6_LeftShoulder">
      <source id="mixamorig6_LeftShoulder-Matrix-animation-input">
        <float_array id="mixamorig6_LeftShoulder-Matrix-animation-input-array" count="23">

0.000000 0.033333 0.066667 0.100000 0.133333 0.166667 0.200000 0.233333 0.266667 0.300000 0.333333 0.366667 0.400000 0.433333 0.466667 0.500000
0.533333 0.566667 0.600000 0.633333 0.666667 0.700000 0.733333</float_array>
        <technique_common>
          <accessor source="#mixamorig6_LeftShoulder-Matrix-animation-input-array" count="23">
            <param name="TIME" type="float"/>
          </accessor>
        </technique_common>
      </source>
      <source id="mixamorig6_LeftShoulder-Matrix-animation-output-transform">
        <float_array id="mixamorig6_LeftShoulder-Matrix-animation-output-transform-array" count="368">

-0.039678 0.830186 -0.556073 2.956800 0.010219 -0.556145 -0.831023 8.269900 -0.999160 -0.038656 0.013584 0.034000 0.000000 0.000000 0.000000 1.000000
-0.047100 0.848455 -0.527167 2.956800 0.008790 -0.527380 -0.849584 8.269900 -0.998851 -0.044650 0.017382 0.034000 0.000000 0.000000 0.000000 1.000000
0.005243 0.859336 -0.511384 2.956800 0.008064 -0.511411 -0.859298 8.269900 -0.999954 0.000382 -0.009611 0.034000 0.000000 0.000000 0.000000 1.000000
0.035830 0.860774 -0.507725 2.956800 0.008111 -0.508285 -0.861151 8.269900 -0.999325 0.026737 -0.025193 0.034000 0.000000 0.000000 0.000000 1.000000
0.037229 0.854151 -0.518691 2.956800 0.008143 -0.519293 -0.854557 8.269900 -0.999274 0.027591 -0.026289 0.034000 0.000000 0.000000 0.000000 1.000000
0.030185 0.833878 -0.551122 2.956800 0.008393 -0.551566 -0.834089 8.269900 -0.999509 0.020551 -0.023648 0.034000 0.000000 0.000000 0.000000 1.000000
0.040228 0.806019 -0.590521 2.956800 0.008198 -0.591246 -0.806450 8.269900 -0.999157 0.027601 -0.030392 0.034000 0.000000 0.000000 0.000000 1.000000
0.057101 0.779767 -0.623461 2.956800 0.007077 -0.624780 -0.780769 8.269900 -0.998343 0.040170 -0.041194 0.034000 0.000000 0.000000 0.000000 1.000000
0.073310 0.747787 -0.659879 2.956800 0.005157 -0.661935 -0.749544 8.269900 -0.997296 0.051546 -0.052383 0.034000 0.000000 0.000000 0.000000 1.000000
0.113602 0.734899 -0.668594 2.956800 0.000739 -0.673013 -0.739630 8.269900 -0.993526 0.083530 -0.076998 0.034000 0.000000 0.000000 0.000000 1.000000
0.164695 0.761098 -0.627379 2.956800 -0.001546 -0.635865 -0.771798 8.269900 -0.986343 0.128081 -0.103548 0.034000 0.000000 0.000000 0.000000 1.000000
0.174017 0.796614 -0.578899 2.956800 0.001670 -0.588106 -0.808782 8.269900 -0.984741 0.139775 -0.103671 0.034000 0.000000 0.000000 0.000000 1.000000
0.143757 0.826952 -0.543585 2.956800 0.005447 -0.549944 -0.835184 8.269900 -0.989598 0.117103 -0.083563 0.034000 0.000000 0.000000 0.000000 1.000000
0.098284 0.848500 -0.519989 2.956800 0.007462 -0.523133 -0.852219 8.269900 -0.995130 0.079879 -0.057747 0.034000 0.000000 0.000000 0.000000 1.000000
0.048546 0.853811 -0.518314 2.956800 0.007909 -0.519238 -0.854593 8.269900 -0.998790 0.037388 -0.031960 0.034000 0.000000 0.000000 0.000000 1.000000
0.030177 0.845240 -0.533535 2.956800 0.008059 -0.533966 -0.845468 8.269900 -0.999512 0.021214 -0.022926 0.034000 0.000000 0.000000 0.000000 1.000000
0.060446 0.833430 -0.549310 2.956800 0.007247 -0.550668 -0.834693 8.269900 -0.998145 0.046473 -0.039326 0.034000 0.000000 0.000000 0.000000 1.000000
0.089133 0.819147 -0.566615 2.956800 0.005753 -0.569294 -0.822114 8.269900 -0.996003 0.070018 -0.055455 0.034000 0.000000 0.000000 0.000000 1.000000
0.070870 0.802652 -0.592222 2.956800 0.005768 -0.594034 -0.804419 8.269900 -0.997469 0.053593 -0.046729 0.034000 0.000000 0.000000 0.000000 1.000000
0.038479 0.795965 -0.604119 2.956800 0.007409 -0.604777 -0.796360 8.269900 -0.999232 0.026167 -0.029169 0.034000 0.000000 0.000000 0.000000 1.000000
0.017882 0.804595 -0.593555 2.956800 0.008569 -0.593751 -0.804603 8.269900 -0.999803 0.009302 -0.017511 0.034000 0.000000 0.000000 0.000000 1.000000
-0.015533 0.817204 -0.576139 2.956800 0.009939 -0.576054 -0.817351 8.269900 -0.999830 -0.018422 0.000826 0.034000 0.000000 0.000000 0.000000 1.000000
-0.039678 0.830185 -0.556074 2.956800 0.010218 -0.556146 -0.831022 8.269900 -0.999160 -0.038656 0.013584 0.034000 0.000000 0.000000 0.000000 1.000000</float_array>
        <technique_common>
          <accessor source="#mixamorig6_LeftShoulder-Matrix-animation-output-transform-array" count="23" stride="16">
            <param type="float4x4"/>
          </accessor>
        </technique_common>
      </source>
      <source id="mixamorig6_LeftShoulder-Interpolations">
        <Name_array id="mixamorig6_LeftShoulder-Interpolations-array" count="23">
 LINEAR LINEAR LINEAR LINEAR LINEAR LINEAR LINEAR LINEAR LINEAR LINEAR LINEAR
LINEAR LINEAR LINEAR LINEAR LINEAR LINEAR LINEAR LINEAR LINEAR LINEAR LINEAR LINEAR</Name_array>
        <technique_common>
          <accessor source="#mixamorig6_LeftShoulder-Interpolations-array" count="23">
            <param type="name"/>
          </accessor>
        </technique_common>
      </source>
      <sampler id="mixamorig6_LeftShoulder-Matrix-animation-transform">
        <input semantic="INPUT" source="#mixamorig6_LeftShoulder-Matrix-animation-input"/>
        <input semantic="OUTPUT" source="#mixamorig6_LeftShoulder-Matrix-animation-output-transform"/>
        <input semantic="INTERPOLATION" source="#mixamorig6_LeftShoulder-Interpolations"/>
      </sampler>
      <channel source="#mixamorig6_LeftShoulder-Matrix-animation-transform" target="mixamorig6_LeftShoulder/matrix"/>
    </animation>
    <animation id="mixamorig6_LeftArm-anim" name="mixamorig6_LeftArm">
      <source id="mixamorig6_LeftArm-Matrix-animation-input">
        <float_array id="mixamorig6_LeftArm-Matrix-animation-input-array" count="23">

0.000000 0.033333 0.066667 0.100000 0.133333 0.166667 0.200000 0.233333 0.266667 0.300000 0.333333 0.366667 0.400000 0.433333 0.466667 0.500000
0.533333 0.566667 0.600000 0.633333 0.666667 0.700000 0.733333</float_array>
        <technique_common>
          <accessor source="#mixamorig6_LeftArm-Matrix-animation-input-array" count="23">
            <param name="TIME" type="float"/>
          </accessor>
        </technique_common>
      </source>
      <source id="mixamorig6_LeftArm-Matrix-animation-output-transform">
        <float_array id="mixamorig6_LeftArm-Matrix-animation-output-transform-array" count="368">

0.715969 0.694264 0.073390 0.000000 -0.475356 0.561790 -0.677073 6.435400 -0.511297 0.449877 0.732247 0.000000 0.000000 0.000000 0.000000 1.000000
0.580831 0.805615 0.116699 -0.000000 -0.589165 0.514970 -0.622648 6.435400 -0.561712 0.292898 0.773751 0.000000 0.000000 0.000000 0.000000 1.000000
