<?xml version="1.0" encoding="utf-8"?>
<COLLADA xmlns="http://www.collada.org/2005/11/COLLADASchema" version="1.4.1">
  <asset>
    <contributor>
      <author>Mixamo</author>
      <authoring_tool>COLLADA Mixamo exporter</authoring_tool>
      <comments/>
    </contributor>
    <created>2023-06-27T14:27:03Z</created>
    <modified>2023-06-27T14:27:03Z</modified>
    <revision/>
    <title/>
    <unit meter="0.010000"/>
    <up_axis>Y_UP</up_axis>
  </asset>
  <library_animations>
    <animation id="mixamorig6_Hips-anim" name="mixamorig6_Hips">
      <source id="mixamorig6_Hips-Matrix-animation-input">
        <float_array id="mixamorig6_Hips-Matrix-animation-input-array" count="101">

0.000000 0.033333 0.066667 0.100000 0.133333 0.166667 0.200000 0.233333 0.266667 0.300000 0.333333 0.366667 0.400000 0.433333 0.466667 0.500000
0.533333 0.566667 0.600000 0.633333 0.666667 0.700000 0.733333 0.766667 0.800000 0.833333 0.866667 0.900000 0.933333 0.966667 1.000000 1.033333
1.066667 1.100000 1.133333 1.166667 1.200000 1.233333 1.266667 1.300000 1.333333 1.366667 1.400000 1.433333 1.466667 1.500000 1.533333 1.566667
1.600000 1.633333 1.666667 1.700000 1.733333 1.766667 1.800000 1.833333 1.866667 1.900000 1.933333 1.966667 2.000000 2.033333 2.066667 2.100000
2.133333 2.166667 2.200000 2.233333 2.266667 2.300000 2.333333 2.366667 2.400000 2.433333 2.466667 2.500000 2.533333 2.566667 2.600000 2.633333
2.666667 2.700000 2.733333 2.766667 2.800000 2.833333 2.866667 2.900000 2.933333 2.966667 3.000000 3.033333 3.066667 3.100000 3.133333 3.166667
3.200000 3.233333 3.266667 3.300000 3.333333</float_array>
        <technique_common>
          <accessor source="#mixamorig6_Hips-Matrix-animation-input-array" count="101">
            <param name="TIME" type="float"/>
          </accessor>
        </technique_common>
      </source>
      <source id="mixamorig6_Hips-Matrix-animation-output-transform">
        <float_array id="mixamorig6_Hips-Matrix-animation-output-transform-array" count="1616">

0.993109 -0.046369 0.107633 -0.128861 0.043804 0.998700 0.026074 60.185257 -0.108703 -0.021180 0.993849 0.749922 0.000000 0.000000 0.000000 1.000000
0.993095 -0.046108 0.107872 -0.052013 0.043542 0.998712 0.026029 60.136585 -0.108933 -0.021152 0.993824 0.578300 0.000000 0.000000 0.000000 1.000000
0.993034 -0.046080 0.108440 0.001357 0.043460 0.998706 0.026401 60.092072 -0.109516 -0.021504 0.993752 0.378931 0.000000 0.000000 0.000000 1.000000
0.993245 -0.046106 0.106483 0.054973 0.043521 0.998701 0.026482 60.048100 -0.107566 -0.021669 0.993962 0.151113 0.000000 0.000000 0.000000 1.000000
0.993933 -0.046209 0.099805 0.132821 0.043849 0.998707 0.025714 60.000702 -0.100865 -0.021181 0.994675 -0.109764 0.000000 0.000000 0.000000 1.000000
0.994799 -0.047528 0.090084 0.255631 0.045500 0.998666 0.024431 59.948002 -0.091125 -0.020205 0.995634 -0.410115 0.000000 0.000000 0.000000 1.000000
0.995718 -0.051498 0.076768 0.439800 0.049855 0.998488 0.023169 59.888077 -0.077845 -0.019243 0.996780 -0.747610 0.000000 0.000000 0.000000 1.000000
0.996623 -0.060115 0.055930 0.694557 0.058906 0.997998 0.023023 59.800564 -0.057202 -0.019651 0.998169 -1.155800 0.000000 0.000000 0.000000 1.000000
0.997081 -0.073083 0.022086 0.950032 0.072507 0.997032 0.025876 59.627068 -0.023912 -0.024199 0.999421 -1.700704 0.000000 0.000000 0.000000 1.000000
0.995617 -0.090132 -0.024974 1.135360 0.090929 0.995315 0.032868 59.330589 0.021895 -0.034995 0.999148 -2.375386 0.000000 0.000000 0.000000 1.000000
0.990447 -0.110789 -0.082097 1.193110 0.114910 0.992250 0.047291 58.892887 0.076221 -0.056273 0.995502 -3.150630 0.000000 0.000000 0.000000 1.000000
0.983145 -0.130806 -0.127737 1.118855 0.140805 0.987369 0.072634 58.333164 0.116622 -0.089396 0.989145 -3.979497 0.000000 0.000000 0.000000 1.000000
0.979457 -0.146258 -0.138824 0.907606 0.162321 0.980312 0.112427 57.652523 0.119648 -0.132651 0.983915 -4.805283 0.000000 0.000000 0.000000 1.000000
0.981099 -0.154247 -0.116842 0.620350 0.171842 0.972109 0.159610 56.997917 0.088964 -0.176672 0.980241 -5.561863 0.000000 0.000000 0.000000 1.000000
0.985004 -0.153325 -0.079105 0.511623 0.166450 0.965160 0.201892 56.750980 0.045394 -0.212032 0.976208 -6.248119 0.000000 0.000000 0.000000 1.000000
0.986522 -0.160333 -0.032664 0.313322 0.163511 0.958476 0.233642 56.780910 -0.006153 -0.235834 0.971774 -7.207399 0.000000 0.000000 0.000000 1.000000
0.983908 -0.176760 0.026107 -0.051187 0.164530 0.953261 0.253425 56.588116 -0.069683 -0.245051 0.967003 -8.830626 0.000000 0.000000 0.000000 1.000000
0.974786 -0.183731 0.126627 -0.296766 0.142854 0.949784 0.278393 55.588764 -0.171418 -0.253285 0.952083 -11.319727 0.000000 0.000000 0.000000 1.000000
0.952232 -0.168295 0.254816 -0.380452 0.080129 0.942896 0.323304 53.905331 -0.294676 -0.287442 0.911341 -14.149786 0.000000 0.000000 0.000000 1.000000
0.921704 -0.153299 0.356315 -0.678030 0.007446 0.925415 0.378883 52.078110 -0.387822 -0.346564 0.854100 -16.963318 0.000000 0.000000 0.000000 1.000000
0.894493 -0.157073 0.418582 -1.396525 -0.043930 0.900842 0.431919 50.490047 -0.444919 -0.404737 0.798896 -19.710615 0.000000 0.000000 0.000000 1.000000
0.858411 -0.175352 0.482060 -2.586747 -0.076697 0.885319 0.458615 49.939514 -0.507196 -0.430652 0.746519 -22.638231 0.000000 0.000000 0.000000 1.000000
0.818866 -0.182329 0.544256 -3.718991 -0.112099 0.879147 0.463179 50.679787 -0.562932 -0.440292 0.699465 -25.095961 0.000000 0.000000 0.000000 1.000000
0.791944 -0.159692 0.589341 -4.322713 -0.154974 0.881019 0.446977 52.399658 -0.590599 -0.445314 0.672970 -27.084568 0.000000 0.000000 0.000000 1.000000
0.787786 -0.118215 0.604499 -4.564449 -0.188669 0.887925 0.419516 54.258499 -0.586343 -0.444539 0.677191 -29.210331 0.000000 0.000000 0.000000 1.000000
0.811007 -0.077855 0.579833 -4.688111 -0.202382 0.892580 0.402917 55.479225 -0.548917 -0.444116 0.708132 -32.025143 0.000000 0.000000 0.000000 1.000000
0.854325 -0.054158 0.516910 -4.775439 -0.191234 0.892032 0.409523 55.445518 -0.483279 -0.448716 0.751728 -35.793629 0.000000 0.000000 0.000000 1.000000
0.890900 -0.029215 0.453259 -4.774206 -0.180089 0.893413 0.411559 54.499348 -0.416971 -0.448285 0.790681 -39.964508 0.000000 0.000000 0.000000 1.000000
0.906374 0.006254 0.422431 -4.533178 -0.185218 0.904559 0.384014 52.592560 -0.379712 -0.426302 0.821027 -43.907421 0.000000 0.000000 0.000000 1.000000
0.907343 0.056359 0.416597 -3.997821 -0.209353 0.919929 0.331516 49.727966 -0.364555 -0.388014 0.846490 -47.777863 0.000000 0.000000 0.000000 1.000000
0.905209 0.110520 0.410343 -3.621367 -0.240102 0.929714 0.279255 46.690773 -0.350638 -0.351308 0.868122 -52.259605 0.000000 0.000000 0.000000 1.000000
0.882059 0.152492 0.445779 -3.568785 -0.280267 0.930384 0.236297 43.973381 -0.378712 -0.333365 0.863392 -56.677048 0.000000 0.000000 0.000000 1.000000
0.827456 0.201828 0.524006 -3.815189 -0.345289 0.918779 0.191364 40.970287 -0.442823 -0.339279 0.829938 -60.417091 0.000000 0.000000 0.000000 1.000000
0.765146 0.253282 0.591945 -3.908972 -0.411942 0.899153 0.147744 37.747433 -0.494828 -0.356893 0.792321 -63.429199 0.000000 0.000000 0.000000 1.000000
0.735890 0.290195 0.611762 -3.965984 -0.447452 0.886528 0.117708 34.625561 -0.508186 -0.360355 0.782235 -66.154228 0.000000 0.000000 0.000000 1.000000
0.756864 0.316471 0.571842 -3.876621 -0.447944 0.888308 0.101266 31.570320 -0.475924 -0.332797 0.814090 -69.421829 0.000000 0.000000 0.000000 1.000000
0.799440 0.326973 0.503968 -3.411444 -0.433004 0.895124 0.106116 28.350574 -0.416417 -0.303053 0.857179 -73.494995 0.000000 0.000000 0.000000 1.000000
0.830848 0.302870 0.466864 -2.646392 -0.418809 0.892739 0.166179 24.780846 -0.366457 -0.333597 0.868575 -78.229042 0.000000 0.000000 0.000000 1.000000
0.839696 0.240306 0.486994 -1.957686 -0.420712 0.854899 0.303561 20.799255 -0.343383 -0.459783 0.818955 -83.481911 0.000000 0.000000 0.000000 1.000000
0.832579 0.177457 0.524710 -1.511188 -0.447254 0.774213 0.447837 17.209404 -0.326766 -0.607538 0.723962 -88.547638 0.000000 0.000000 0.000000 1.000000
0.841225 0.192667 0.505193 -0.801983 -0.472622 0.715858 0.513980 13.762148 -0.262620 -0.671139 0.693256 -93.621803 0.000000 0.000000 0.000000 1.000000
0.861302 0.243928 0.445710 -0.146661 -0.469969 0.715858 0.516407 10.442667 -0.193099 -0.654253 0.731209 -97.560501 0.000000 0.000000 0.000000 1.000000
0.869721 0.225762 0.438882 -0.190627 -0.450759 0.725508 0.520053 8.416044 -0.201004 -0.650131 0.732753 -99.057343 0.000000 0.000000 0.000000 1.000000
0.898287 0.166293 0.406727 0.142166 -0.402346 0.683351 0.609220 6.928630 -0.176629 -0.710899 0.680753 -101.304443 0.000000 0.000000 0.000000 1.000000
0.943101 0.131045 0.305593 0.637133 -0.322021 0.588938 0.741252 5.826450 -0.082839 -0.797483 0.597628 -104.415970 0.000000 0.000000 0.000000 1.000000
0.959941 0.083549 0.267454 0.468148 -0.273340 0.489154 0.828259 5.832526 -0.061626 -0.868186 0.492397 -105.613464 0.000000 0.000000 0.000000 1.000000
0.967784 0.063349 0.243682 0.035244 -0.248480 0.396531 0.883754 5.738063 -0.040643 -0.915833 0.399497 -106.292412 0.000000 0.000000 0.000000 1.000000
0.973359 0.071279 0.217928 -0.236325 -0.229288 0.302361 0.925205 5.136307 0.000055 -0.950525 0.310649 -107.735741 0.000000 0.000000 0.000000 1.000000
0.978868 0.090354 0.183450 -0.045848 -0.198005 0.194579 0.960694 4.554269 0.051107 -0.976717 0.208358 -109.880066 0.000000 0.000000 0.000000 1.000000
0.984040 0.101976 0.145830 0.378126 -0.153743 0.074567 0.985293 4.161012 0.089602 -0.991988 0.089055 -112.376434 0.000000 0.000000 0.000000 1.000000
0.989007 0.092799 0.115125 0.752529 -0.110806 -0.050440 0.992561 4.114017 0.097915 -0.994406 -0.039603 -114.599388 0.000000 0.000000 0.000000 1.000000
0.994508 0.072116 0.075848 1.008353 -0.063086 -0.165188 0.984242 4.506087 0.083508 -0.983622 -0.159731 -115.954330 0.000000 0.000000 0.000000 1.000000
0.998225 0.056320 0.019379 1.210878 -0.004341 -0.255706 0.966745 5.187715 0.059403 -0.965113 -0.255007 -116.716843 0.000000 0.000000 0.000000 1.000000
0.997946 0.047477 -0.043003 1.284731 0.055833 -0.315613 0.947244 5.855156 0.031400 -0.947700 -0.317615 -117.299858 0.000000 0.000000 0.000000 1.000000
0.995577 0.044428 -0.082785 1.167790 0.093162 -0.352657 0.931104 6.120895 0.012173 -0.934697 -0.355236 -117.902969 0.000000 0.000000 0.000000 1.000000
0.994690 0.050932 -0.089435 1.007959 0.102129 -0.380829 0.918988 5.999442 0.012747 -0.923242 -0.384008 -118.453369 0.000000 0.000000 0.000000 1.000000
0.994313 0.070933 -0.079438 0.840714 0.101446 -0.403827 0.909193 5.836813 0.032412 -0.912081 -0.408726 -118.796600 0.000000 0.000000 0.000000 1.000000
0.991561 0.098223 -0.084605 0.543655 0.118170 -0.416470 0.901437 6.007302 0.053306 -0.903828 -0.424562 -118.954903 0.000000 0.000000 0.000000 1.000000
0.987240 0.122970 -0.101174 0.101262 0.144034 -0.418612 0.896671 6.482133 0.067911 -0.899801 -0.430982 -119.004738 0.000000 0.000000 0.000000 1.000000
0.983035 0.141988 -0.116113 -0.336914 0.165425 -0.412871 0.895641 6.992560 0.079231 -0.899654 -0.429355 -118.881584 0.000000 0.000000 0.000000 1.000000
0.981257 0.151135 -0.119552 -0.577025 0.171406 -0.401038 0.899882 7.284962 0.088058 -0.903508 -0.419427 -118.547340 0.000000 0.000000 0.000000 1.000000
0.978711 0.147293 -0.142935 -0.695941 0.188128 -0.365359 0.911658 7.230721 0.082058 -0.919140 -0.385290 -118.139626 0.000000 0.000000 0.000000 1.000000
0.979034 0.128527 -0.158030 -0.705496 0.192190 -0.325780 0.925706 7.119090 0.067495 -0.936669 -0.343651 -117.688904 0.000000 0.000000 0.000000 1.000000
0.983814 0.092461 -0.153495 -0.571884 0.173621 -0.279911 0.944196 6.991424 0.044336 -0.955563 -0.291434 -117.136864 0.000000 0.000000 0.000000 1.000000
0.992099 0.041122 -0.118529 -0.302265 0.124804 -0.226980 0.965870 6.823482 0.012814 -0.973031 -0.230318 -116.638077 0.000000 0.000000 0.000000 1.000000
0.997806 -0.017744 -0.063784 0.059528 0.059862 -0.169759 0.983666 6.608145 -0.028282 -0.985326 -0.168325 -116.337288 0.000000 0.000000 0.000000 1.000000
0.996953 -0.077933 -0.003244 0.507380 -0.005567 -0.112578 0.993627 6.421218 -0.077801 -0.990582 -0.112669 -116.233521 0.000000 0.000000 0.000000 1.000000
0.990525 -0.127664 0.050612 0.951358 -0.057582 -0.051513 0.997011 6.368429 -0.124675 -0.990479 -0.058376 -116.259026 0.000000 0.000000 0.000000 1.000000
0.981751 -0.162691 0.098469 1.340024 -0.097616 0.013251 0.995136 6.426828 -0.163205 -0.986588 -0.002872 -116.272926 0.000000 0.000000 0.000000 1.000000
0.973511 -0.181155 0.139498 1.620852 -0.127299 0.077361 0.988843 6.557174 -0.189926 -0.980407 0.052250 -116.193253 0.000000 0.000000 0.000000 1.000000
0.968192 -0.186210 0.167122 1.669500 -0.145111 0.126235 0.981329 6.727317 -0.203830 -0.974367 0.095198 -116.052856 0.000000 0.000000 0.000000 1.000000
0.965993 -0.184533 0.181123 1.528628 -0.151364 0.164352 0.974719 6.961561 -0.209636 -0.968987 0.130831 -115.884613 0.000000 0.000000 0.000000 1.000000
0.967030 -0.179119 0.181025 1.232987 -0.144450 0.199623 0.969167 7.269371 -0.209733 -0.963362 0.167167 -115.686249 0.000000 0.000000 0.000000 1.000000
0.970366 -0.170549 0.171179 0.853046 -0.126996 0.242737 0.961744 7.649041 -0.205576 -0.954983 0.213885 -115.437592 0.000000 0.000000 0.000000 1.000000
0.973282 -0.163752 0.160955 0.480784 -0.108702 0.288849 0.951183 8.014393 -0.202250 -0.943266 0.263331 -115.122993 0.000000 0.000000 0.000000 1.000000
0.974346 -0.161470 0.156772 0.214543 -0.096121 0.331293 0.938619 8.271225 -0.203496 -0.929609 0.307273 -114.792908 0.000000 0.000000 0.000000 1.000000
0.971501 -0.169585 0.165613 0.080526 -0.095064 0.361280 0.927599 8.383130 -0.217139 -0.916907 0.334862 -114.548538 0.000000 0.000000 0.000000 1.000000
0.966670 -0.182502 0.179559 0.013685 -0.098176 0.383488 0.918313 8.448936 -0.236453 -0.905334 0.352789 -114.319992 0.000000 0.000000 0.000000 1.000000
0.961461 -0.195635 0.193185 -0.012216 -0.101470 0.400553 0.910638 8.509409 -0.255534 -0.895145 0.365264 -114.065376 0.000000 0.000000 0.000000 1.000000
0.958527 -0.203208 0.199830 -0.006415 -0.101368 0.412224 0.905426 8.556149 -0.266365 -0.888132 0.374529 -113.807289 0.000000 0.000000 0.000000 1.000000
0.957519 -0.205539 0.202263 0.015107 -0.100903 0.418255 0.902708 8.586164 -0.270139 -0.884769 0.379748 -113.597656 0.000000 0.000000 0.000000 1.000000
0.957246 -0.204174 0.204921 0.039465 -0.103459 0.419898 0.901655 8.598747 -0.270140 -0.884307 0.380823 -113.430969 0.000000 0.000000 0.000000 1.000000
0.956680 -0.199840 0.211724 0.058269 -0.112141 0.418177 0.901417 8.592411 -0.268678 -0.886111 0.377651 -113.288467 0.000000 0.000000 0.000000 1.000000
0.956003 -0.194360 0.219733 0.080643 -0.122875 0.414857 0.901552 8.568645 -0.266384 -0.888886 0.372722 -113.173996 0.000000 0.000000 0.000000 1.000000
0.955439 -0.189876 0.226018 0.110999 -0.132114 0.409652 0.902624 8.530342 -0.263976 -0.892262 0.366312 -113.102394 0.000000 0.000000 0.000000 1.000000
0.955251 -0.188369 0.228063 0.154361 -0.136840 0.402129 0.905299 8.483511 -0.262241 -0.895996 0.358358 -113.087181 0.000000 0.000000 0.000000 1.000000
0.955207 -0.188974 0.227747 0.208403 -0.138949 0.393090 0.908941 8.437672 -0.261291 -0.899872 0.349225 -113.101875 0.000000 0.000000 0.000000 1.000000
0.955365 -0.189493 0.226648 0.270300 -0.140503 0.383428 0.912821 8.395700 -0.259877 -0.903922 0.339689 -113.133255 0.000000 0.000000 0.000000 1.000000
0.955801 -0.188060 0.226004 0.331983 -0.143025 0.374204 0.916251 8.361227 -0.256881 -0.908078 0.330767 -113.172760 0.000000 0.000000 0.000000 1.000000
0.956164 -0.185654 0.226456 0.377941 -0.146356 0.366838 0.918700 8.338550 -0.253633 -0.911572 0.323586 -113.201286 0.000000 0.000000 0.000000 1.000000
0.956361 -0.183193 0.227629 0.410421 -0.149850 0.361282 0.920337 8.330509 -0.250837 -0.914284 0.318065 -113.207176 0.000000 0.000000 0.000000 1.000000
0.956365 -0.181172 0.229223 0.429893 -0.153117 0.357399 0.921315 8.340178 -0.248840 -0.916211 0.314063 -113.179123 0.000000 0.000000 0.000000 1.000000
0.956234 -0.179824 0.230822 0.437677 -0.155749 0.355010 0.921797 8.365740 -0.247706 -0.917405 0.311465 -113.120430 0.000000 0.000000 0.000000 1.000000
0.956089 -0.179186 0.231918 0.436530 -0.157314 0.353896 0.921960 8.401321 -0.247278 -0.917960 0.310167 -113.044205 0.000000 0.000000 0.000000 1.000000
0.956006 -0.179385 0.232107 0.428735 -0.157449 0.353828 0.921963 8.442417 -0.247512 -0.917947 0.310017 -112.957939 0.000000 0.000000 0.000000 1.000000
0.955903 -0.180154 0.231937 0.415360 -0.157011 0.353915 0.922004 8.484468 -0.248189 -0.917763 0.310022 -112.871880 0.000000 0.000000 0.000000 1.000000
0.955745 -0.181289 0.231701 0.397001 -0.156444 0.353805 0.922143 8.524759 -0.249151 -0.917582 0.309786 -112.788261 0.000000 0.000000 0.000000 1.000000
0.955537 -0.182716 0.231438 0.374603 -0.155806 0.353508 0.922365 8.561327 -0.250346 -0.917413 0.309321 -112.706696 0.000000 0.000000 0.000000 1.000000
0.955283 -0.184356 0.231185 0.349147 -0.155158 0.353038 0.922654 8.592232 -0.251714 -0.917266 0.308647 -112.626907 0.000000 0.000000 0.000000 1.000000
0.954990 -0.186127 0.230980 0.321570 -0.154558 0.352407 0.922996 8.615512 -0.253193 -0.917151 0.307778 -112.548752 0.000000 0.000000 0.000000 1.000000
0.954663 -0.187947 0.230858 0.292789 -0.154066 0.351628 0.923375 8.629274 -0.254722 -0.917079 0.306730 -112.472069 0.000000 0.000000 0.000000 1.000000</float_array>
        <technique_common>
          <accessor source="#mixamorig6_Hips-Matrix-animation-output-transform-array" count="101" stride="16">
            <param type="float4x4"/>
          </accessor>
        </technique_common>
      </source>
      <source id="mixamorig6_Hips-Interpolations">
        <Name_array id="mixamorig6_Hips-Interpolations-array" count="101">
 LINEAR LINEAR LINEAR LINEAR LINEAR LINEAR LINEAR LINEAR LINEAR LINEAR LINEAR
LINEAR LINEAR LINEAR LINEAR LINEAR LINEAR LINEAR LINEAR LINEAR LINEAR LINEAR LINEAR
LINEAR LINEAR LINEAR LINEAR LINEAR LINEAR LINEAR LINEAR LINEAR LINEAR LINEAR LINEAR
LINEAR LINEAR LINEAR LINEAR LINEAR LINEAR LINEAR LINEAR LINEAR LINEAR LINEAR LINEAR
LINEAR LINEAR LINEAR LINEAR LINEAR LINEAR LINEAR LINEAR LINEAR LINEAR LINEAR LINEAR
LINEAR LINEAR LINEAR LINEAR LINEAR LINEAR LINEAR LINEAR LINEAR LINEAR LINEAR LINEAR
LINEAR LINEAR LINEAR LINEAR LINEAR LINEAR LINEAR LINEAR LINEAR LINEAR LINEAR LINEAR
LINEAR LINEAR LINEAR LINEAR LINEAR LINEAR LINEAR LINEAR LINEAR LINEAR LINEAR LINEAR
LINEAR LINEAR LINEAR LINEAR LINEAR LINEAR</Name_array>
        <technique_common>
          <accessor source="#mixamorig6_Hips-Interpolations-array" count="101">
            <param type="name"/>
          </accessor>
        </technique_common>
      </source>
      <sampler id="mixamorig6_Hips-Matrix-animation-transform">
        <input semantic="INPUT" source="#mixamorig6_Hips-Matrix-animation-input"/>
        <input semantic="OUTPUT" source="#mixamorig6_Hips-Matrix-animation-output-transform"/>
        <input semantic="INTERPOLATION" source="#mixamorig6_Hips-Interpolations"/>
      </sampler>
      <channel source="#mixamorig6_Hips-Matrix-animation-transform" target="mixamorig6_Hips/matrix"/>
    </animation>
    <animation id="mixamorig6_Spine-anim" name="mixamorig6_Spine">
      <source id="mixamorig6_Spine-Matrix-animation-input">
        <float_array id="mixamorig6_Spine-Matrix-animation-input-array" count="101">

0.000000 0.033333 0.066667 0.100000 0.133333 0.166667 0.200000 0.233333 0.266667 0.300000 0.333333 0.366667 0.400000 0.433333 0.466667 0.500000
0.533333 0.566667 0.600000 0.633333 0.666667 0.700000 0.733333 0.766667 0.800000 0.833333 0.866667 0.900000 0.933333 0.966667 1.000000 1.033333
1.066667 1.100000 1.133333 1.166667 1.200000 1.233333 1.266667 1.300000 1.333333 1.366667 1.400000 1.433333 1.466667 1.500000 1.533333 1.566667
1.600000 1.633333 1.666667 1.700000 1.733333 1.766667 1.800000 1.833333 1.866667 1.900000 1.933333 1.966667 2.000000 2.033333 2.066667 2.100000
2.133333 2.166667 2.200000 2.233333 2.266667 2.300000 2.333333 2.366667 2.400000 2.433333 2.466667 2.500000 2.533333 2.566667 2.600000 2.633333
2.666667 2.700000 2.733333 2.766667 2.800000 2.833333 2.866667 2.900000 2.933333 2.966667 3.000000 3.033333 3.066667 3.100000 3.133333 3.166667
3.200000 3.233333 3.266667 3.300000 3.333333</float_array>
        <technique_common>
          <accessor source="#mixamorig6_Spine-Matrix-animation-input-array" count="101">
            <param name="TIME" type="float"/>
          </accessor>
        </technique_common>
      </source>
      <source id="mixamorig6_Spine-Matrix-animation-output-transform">
        <float_array id="mixamorig6_Spine-Matrix-animation-output-transform-array" count="1616">

0.999995 0.003070 0.000955 -0.000000 -0.002945 0.993800 -0.111148 6.292300 -0.001291 0.111144 0.993803 0.090600 0.000000 0.000000 0.000000 1.000000
0.999995 0.002929 0.001113 0.000000 -0.002787 0.993757 -0.111528 6.292300 -0.001433 0.111524 0.993761 0.090600 0.000000 0.000000 0.000000 1.000000
0.999994 0.002954 0.001695 -0.000000 -0.002746 0.993729 -0.111781 6.292300 -0.002015 0.111775 0.993731 0.090600 0.000000 0.000000 0.000000 1.000000
0.999992 0.003053 0.002470 0.000000 -0.002757 0.993727 -0.111801 6.292300 -0.002796 0.111794 0.993728 0.090600 0.000000 0.000000 0.000000 1.000000
0.999990 0.003134 0.003210 0.000000 -0.002756 0.993762 -0.111485 6.292300 -0.003539 0.111475 0.993761 0.090600 0.000000 0.000000 0.000000 1.000000
0.999988 0.003169 0.003674 0.000000 -0.002743 0.993847 -0.110725 6.292300 -0.004002 0.110714 0.993844 0.090600 0.000000 0.000000 0.000000 1.000000
0.999989 0.003155 0.003610 0.000000 -0.002741 0.993993 -0.109413 6.292300 -0.003933 0.109402 0.993990 0.090600 0.000000 0.000000 0.000000 1.000000
0.999991 0.003267 0.002565 -0.000000 -0.002970 0.994139 -0.108065 6.292300 -0.002903 0.108057 0.994140 0.090600 0.000000 0.000000 0.000000 1.000000
0.999992 0.003921 0.000131 0.000000 -0.003884 0.994102 -0.108376 6.292300 -0.000555 0.108375 0.994110 0.090600 0.000000 0.000000 0.000000 1.000000
0.999975 0.005417 -0.004611 -0.000000 -0.005892 0.993889 -0.110231 6.292300 0.003986 0.110255 0.993895 0.090600 0.000000 0.000000 0.000000 1.000000
0.999887 0.007987 -0.012752 0.000000 -0.009382 0.993508 -0.113376 6.292300 0.011763 0.113482 0.993470 0.090600 0.000000 0.000000 0.000000 1.000000
0.999643 0.009767 -0.024859 0.000000 -0.012627 0.992977 -0.117628 6.292300 0.023535 0.117900 0.992747 0.090600 0.000000 0.000000 0.000000 1.000000
0.999122 0.008309 -0.041063 0.000000 -0.013305 0.992327 -0.122919 6.292300 0.039726 0.123358 0.991567 0.090600 0.000000 0.000000 0.000000 1.000000
0.998306 0.000155 -0.058187 -0.000000 -0.007655 0.991653 -0.128707 6.292300 0.057682 0.128935 0.989974 0.090600 0.000000 0.000000 0.000000 1.000000
0.997931 -0.016510 -0.062132 0.000000 0.008145 0.991142 -0.132555 6.292300 0.063770 0.131775 0.989226 0.090600 0.000000 0.000000 0.000000 1.000000
0.998541 -0.023568 -0.048591 -0.000000 0.016949 0.991052 -0.132394 6.292300 0.051277 0.131377 0.990005 0.090600 0.000000 0.000000 0.000000 1.000000
0.999484 -0.019433 -0.025595 0.000000 0.015851 0.990937 -0.133391 6.292300 0.027955 0.132917 0.990733 0.090600 0.000000 0.000000 0.000000 1.000000
0.999820 -0.018863 -0.001924 0.000000 0.018402 0.989802 -0.141256 6.292300 0.004569 0.141195 0.989971 0.090600 0.000000 0.000000 0.000000 1.000000
0.999340 -0.028061 0.023057 0.000000 0.031261 0.987767 -0.152773 6.292300 -0.018488 0.153393 0.987992 0.090600 0.000000 0.000000 0.000000 1.000000
0.997855 -0.041481 0.050637 0.000000 0.049271 0.985259 -0.163819 6.292300 -0.043095 0.165962 0.985190 0.090600 0.000000 0.000000 0.000000 1.000000
0.995591 -0.048384 0.080364 0.000000 0.061742 0.982972 -0.173074 6.292300 -0.070621 0.177273 0.981625 0.090600 0.000000 0.000000 0.000000 1.000000
0.994291 -0.042432 0.097901 -0.000000 0.059969 0.981130 -0.183816 6.292300 -0.088254 0.188638 0.978073 0.090600 0.000000 0.000000 0.000000 1.000000
0.994528 -0.028243 0.100583 0.000000 0.046609 0.981590 -0.185228 6.292300 -0.093500 0.188902 0.977534 0.090600 0.000000 0.000000 0.000000 1.000000
0.995999 -0.004306 0.089257 0.000000 0.020049 0.984143 -0.176239 6.292300 -0.087083 0.177323 0.980292 0.090600 0.000000 0.000000 0.000000 1.000000
0.997185 0.018140 0.072749 0.000000 -0.005794 0.986033 -0.166451 6.292300 -0.074752 0.165561 0.983362 0.090600 0.000000 0.000000 0.000000 1.000000
0.997928 0.036563 0.052947 -0.000000 -0.027491 0.986256 -0.162923 6.292300 -0.058176 0.161130 0.985217 0.090600 0.000000 0.000000 0.000000 1.000000
0.998455 0.047091 0.029480 0.000000 -0.041441 0.984681 -0.169369 6.292300 -0.037004 0.167886 0.985112 0.090600 0.000000 0.000000 0.000000 1.000000
0.998508 0.054129 0.007248 -0.000000 -0.051977 0.982658 -0.177995 6.292300 -0.016757 0.177353 0.984005 0.090600 0.000000 0.000000 0.000000 1.000000
0.998274 0.058325 -0.006881 0.000000 -0.058577 0.980363 -0.188301 6.292300 -0.004237 0.188379 0.982087 0.090600 0.000000 0.000000 0.000000 1.000000
0.998424 0.055866 -0.005296 -0.000000 -0.055764 0.977161 -0.205054 6.292300 -0.006280 0.205026 0.978736 0.090600 0.000000 0.000000 0.000000 1.000000
0.998688 0.051178 0.001736 0.000000 -0.049416 0.972090 -0.229345 6.292300 -0.013425 0.228958 0.973344 0.090600 0.000000 0.000000 0.000000 1.000000
0.998894 0.046832 0.004291 -0.000000 -0.044199 0.966060 -0.254507 6.292300 -0.016065 0.254036 0.967061 0.090600 0.000000 0.000000 0.000000 1.000000
0.999287 0.037596 0.003531 0.000000 -0.035141 0.960089 -0.277479 6.292300 -0.013822 0.277157 0.960725 0.090600 0.000000 0.000000 0.000000 1.000000
0.999502 0.028521 0.013465 0.000000 -0.023149 0.953336 -0.301021 6.292300 -0.021422 0.300560 0.953522 0.090600 0.000000 0.000000 0.000000 1.000000
0.999109 0.036283 0.021536 0.000000 -0.027571 0.947787 -0.317709 6.292300 -0.031939 0.316832 0.947944 0.090600 0.000000 0.000000 0.000000 1.000000
0.997523 0.063997 0.029206 -0.000000 -0.051398 0.946514 -0.318544 6.292300 -0.048029 0.316254 0.947458 0.090600 0.000000 0.000000 0.000000 1.000000
0.995094 0.090322 0.040379 0.000000 -0.073458 0.947892 -0.310008 6.292300 -0.066275 0.305521 0.949876 0.090600 0.000000 0.000000 0.000000 1.000000
0.993765 0.100437 0.048416 -0.000000 -0.080014 0.944825 -0.317654 6.292300 -0.077649 0.311800 0.946970 0.090600 0.000000 0.000000 0.000000 1.000000
0.994375 0.095169 0.046488 -0.000000 -0.072393 0.931071 -0.357584 6.292300 -0.077314 0.352208 0.932723 0.090600 0.000000 0.000000 0.000000 1.000000
0.996583 0.074393 0.035887 -0.000000 -0.053791 0.914278 -0.401499 6.292300 -0.062680 0.398197 0.915156 0.090600 0.000000 0.000000 0.000000 1.000000
0.998414 0.040167 0.039459 0.000000 -0.021076 0.916443 -0.399611 6.292300 -0.052213 0.398145 0.915835 0.090600 0.000000 0.000000 0.000000 1.000000
0.999234 0.011763 0.037333 -0.000000 0.002365 0.933885 -0.357567 6.292300 -0.039070 0.357381 0.933141 0.090600 0.000000 0.000000 0.000000 1.000000
0.999919 -0.000566 -0.012690 -0.000000 -0.003287 0.953470 -0.301469 6.292300 0.012270 0.301486 0.953392 0.090600 0.000000 0.000000 0.000000 1.000000
0.997887 -0.006590 -0.064637 0.000000 -0.010922 0.963668 -0.266881 6.292300 0.064047 0.267023 0.961560 0.090600 0.000000 0.000000 0.000000 1.000000
0.996346 -0.010682 -0.084732 0.000000 -0.011414 0.966590 -0.256072 6.292300 0.084637 0.256103 0.962937 0.090600 0.000000 0.000000 0.000000 1.000000
0.994702 0.004102 -0.102721 0.000000 -0.027891 0.972496 -0.231243 6.292300 0.098947 0.232883 0.967458 0.090600 0.000000 0.000000 0.000000 1.000000
0.994803 0.023752 -0.099006 0.000000 -0.044637 0.975718 -0.214433 6.292300 0.091508 0.217738 0.971708 0.090600 0.000000 0.000000 0.000000 1.000000
0.995779 0.035875 -0.084487 0.000000 -0.053154 0.975793 -0.212140 6.292300 0.074831 0.215735 0.973580 0.090600 0.000000 0.000000 0.000000 1.000000
0.996898 0.037829 -0.069016 0.000000 -0.052352 0.973502 -0.222607 6.292300 0.058766 0.225530 0.972462 0.090600 0.000000 0.000000 0.000000 1.000000
0.998077 0.033909 -0.051898 0.000000 -0.045288 0.970487 -0.236861 6.292300 0.042335 0.238756 0.970156 0.090600 0.000000 0.000000 0.000000 1.000000
0.998767 0.031797 -0.038121 0.000000 -0.040244 0.968241 -0.246758 6.292300 0.029064 0.247988 0.968327 0.090600 0.000000 0.000000 0.000000 1.000000
0.999221 0.032163 -0.022862 0.000000 -0.036734 0.969769 -0.241242 6.292300 0.014412 0.241894 0.970196 0.090600 0.000000 0.000000 0.000000 1.000000
0.999439 0.032641 -0.007548 0.000000 -0.033503 0.973532 -0.226083 6.292300 -0.000031 0.226209 0.974079 0.090600 0.000000 0.000000 0.000000 1.000000
0.999418 0.033736 0.005153 0.000000 -0.031932 0.977688 -0.207621 6.292300 -0.012042 0.207335 0.978196 0.090600 0.000000 0.000000 0.000000 1.000000
0.999353 0.034404 0.010507 0.000000 -0.031676 0.980043 -0.196246 6.292300 -0.017049 0.195786 0.980498 0.090600 0.000000 0.000000 0.000000 1.000000
0.999395 0.033483 0.009355 -0.000000 -0.031010 0.980201 -0.195563 6.292300 -0.015718 0.195155 0.980647 0.090600 0.000000 0.000000 0.000000 1.000000
0.999466 0.032200 0.005506 0.000000 -0.030439 0.979140 -0.200895 6.292300 -0.011860 0.200621 0.979597 0.090600 0.000000 0.000000 0.000000 1.000000
0.999388 0.034952 0.001581 0.000000 -0.033873 0.977860 -0.206499 6.292300 -0.008764 0.206319 0.978446 0.090600 0.000000 0.000000 0.000000 1.000000
0.999212 0.039612 -0.002468 0.000000 -0.039248 0.976965 -0.209761 6.292300 -0.005898 0.209692 0.977750 0.090600 0.000000 0.000000 0.000000 1.000000
0.999064 0.042643 -0.007323 0.000000 -0.043223 0.975922 -0.213797 6.292300 -0.001971 0.213913 0.976851 0.090600 0.000000 0.000000 0.000000 1.000000
0.999037 0.041495 -0.014260 0.000000 -0.043623 0.974225 -0.221322 6.292300 0.004708 0.221731 0.975096 0.090600 0.000000 0.000000 0.000000 1.000000
0.999059 0.037380 -0.021982 -0.000000 -0.041438 0.972329 -0.229911 6.292300 0.012780 0.230606 0.972963 0.090600 0.000000 0.000000 0.000000 1.000000
0.999118 0.030138 -0.029237 -0.000000 -0.036256 0.970428 -0.238652 6.292300 0.021180 0.239501 0.970665 0.090600 0.000000 0.000000 0.000000 1.000000
0.999285 0.018486 -0.032975 0.000000 -0.026085 0.968533 -0.247515 6.292300 0.027362 0.248198 0.968323 0.090600 0.000000 0.000000 0.000000 1.000000
0.999520 0.006459 -0.030309 0.000000 -0.014008 0.966588 -0.255953 6.292300 0.027643 0.256255 0.966214 0.090600 0.000000 0.000000 0.000000 1.000000
0.999705 -0.002891 -0.024135 0.000000 -0.003550 0.964899 -0.262596 6.292300 0.024047 0.262604 0.964604 0.090600 0.000000 0.000000 0.000000 1.000000
0.999815 -0.010072 -0.016356 0.000000 0.005351 0.963847 -0.266404 6.292300 0.018448 0.266267 0.963723 0.090600 0.000000 0.000000 0.000000 1.000000
0.999844 -0.015863 -0.007741 0.000000 0.013228 0.963775 -0.266388 6.292300 0.011687 0.266244 0.963835 0.090600 0.000000 0.000000 0.000000 1.000000
0.999783 -0.020829 0.001033 0.000000 0.020374 0.964969 -0.261571 6.292300 0.004451 0.261535 0.965184 0.090600 0.000000 0.000000 0.000000 1.000000
0.999663 -0.024556 0.008370 -0.000000 0.025872 0.967459 -0.251701 6.292300 -0.001917 0.251832 0.967769 0.090600 0.000000 0.000000 0.000000 1.000000
0.999662 -0.024134 0.009690 0.000000 0.025771 0.969371 -0.244245 6.292300 -0.003499 0.244412 0.969665 0.090600 0.000000 0.000000 0.000000 1.000000
0.999790 -0.019614 0.005960 -0.000000 0.020471 0.970615 -0.239766 6.292300 -0.001082 0.239838 0.970812 0.090600 0.000000 0.000000 0.000000 1.000000
0.999938 -0.011075 -0.001225 0.000000 0.010471 0.971560 -0.236561 6.292300 0.003811 0.236534 0.971616 0.090600 0.000000 0.000000 0.000000 1.000000
0.999970 0.000586 -0.007692 0.000000 -0.002369 0.972278 -0.233818 6.292300 0.007341 0.233829 0.972250 0.090600 0.000000 0.000000 0.000000 1.000000
0.999835 0.012138 -0.013535 0.000000 -0.014941 0.972760 -0.231331 6.292300 0.010358 0.231495 0.972781 0.090600 0.000000 0.000000 0.000000 1.000000
0.999622 0.019564 -0.019342 0.000000 -0.023474 0.973174 -0.228869 6.292300 0.014345 0.229236 0.973265 0.090600 0.000000 0.000000 0.000000 1.000000
0.999511 0.018717 -0.025046 0.000000 -0.023901 0.973809 -0.226107 6.292300 0.020158 0.226595 0.973780 0.090600 0.000000 0.000000 0.000000 1.000000
0.999499 0.014012 -0.028379 0.000000 -0.019985 0.974700 -0.222622 6.292300 0.024542 0.223078 0.974492 0.090600 0.000000 0.000000 0.000000 1.000000
0.999541 0.008946 -0.028952 0.000000 -0.015051 0.975809 -0.218106 6.292300 0.026300 0.218442 0.975496 0.090600 0.000000 0.000000 0.000000 1.000000
0.999612 0.007108 -0.026931 0.000000 -0.012666 0.977138 -0.212228 6.292300 0.024806 0.212487 0.976849 0.090600 0.000000 0.000000 0.000000 1.000000
0.999641 0.008097 -0.025555 0.000000 -0.013187 0.978508 -0.205785 6.292300 0.023339 0.206048 0.978263 0.090600 0.000000 0.000000 0.000000 1.000000
0.999618 0.010325 -0.025625 0.000000 -0.015229 0.979828 -0.199262 6.292300 0.023050 0.199576 0.979611 0.090600 0.000000 0.000000 0.000000 1.000000
0.999552 0.012516 -0.027204 0.000000 -0.017556 0.980889 -0.193774 6.292300 0.024259 0.194165 0.980669 0.090600 0.000000 0.000000 0.000000 1.000000
0.999468 0.014605 -0.029170 0.000000 -0.019911 0.981422 -0.190824 6.292300 0.025841 0.191303 0.981191 0.090600 0.000000 0.000000 0.000000 1.000000
0.999382 0.016390 -0.031091 -0.000000 -0.022013 0.981507 -0.190155 6.292300 0.027399 0.190722 0.981262 0.090600 0.000000 0.000000 0.000000 1.000000
0.999309 0.017750 -0.032668 0.000000 -0.023687 0.981216 -0.191455 6.292300 0.028656 0.192096 0.980958 0.090600 0.000000 0.000000 0.000000 1.000000
0.999238 0.019061 -0.034061 0.000000 -0.025331 0.980601 -0.194370 6.292300 0.029695 0.195084 0.980337 0.090600 0.000000 0.000000 0.000000 1.000000
0.999174 0.020378 -0.035169 0.000000 -0.026971 0.979715 -0.198573 6.292300 0.030409 0.199357 0.979455 0.090600 0.000000 0.000000 0.000000 1.000000
0.999124 0.021654 -0.035810 0.000000 -0.028500 0.978693 -0.203341 6.292300 0.030644 0.204183 0.978453 0.090600 0.000000 0.000000 0.000000 1.000000
0.999081 0.022655 -0.036375 -0.000000 -0.029701 0.977960 -0.206669 6.292300 0.030892 0.207559 0.977735 0.090600 0.000000 0.000000 0.000000 1.000000
0.999033 0.023538 -0.037148 -0.000000 -0.030785 0.977534 -0.208519 6.292300 0.031405 0.209461 0.977313 0.090600 0.000000 0.000000 0.000000 1.000000
0.998966 0.024550 -0.038267 0.000000 -0.032029 0.977370 -0.209096 6.292300 0.032268 0.210105 0.977146 0.090600 0.000000 0.000000 0.000000 1.000000
0.998881 0.025704 -0.039704 -0.000000 -0.033444 0.977425 -0.208620 6.292300 0.033445 0.209715 0.977190 0.090600 0.000000 0.000000 0.000000 1.000000
0.998787 0.026833 -0.041290 0.000000 -0.034837 0.977651 -0.207328 6.292300 0.034804 0.208515 0.977400 0.090600 0.000000 0.000000 0.000000 1.000000
0.998689 0.027874 -0.042939 0.000000 -0.036130 0.978002 -0.205443 6.292300 0.036268 0.206725 0.977727 0.090600 0.000000 0.000000 0.000000 1.000000
0.998589 0.028851 -0.044591 0.000000 -0.037341 0.978427 -0.203189 6.292300 0.037767 0.204567 0.978124 0.090600 0.000000 0.000000 0.000000 1.000000
0.998487 0.029795 -0.046223 0.000000 -0.038504 0.978878 -0.200784 6.292300 0.039264 0.202260 0.978544 0.090600 0.000000 0.000000 0.000000 1.000000
0.998382 0.030734 -0.047832 0.000000 -0.039655 0.979309 -0.198449 6.292300 0.040743 0.200025 0.978943 0.090600 0.000000 0.000000 0.000000 1.000000
0.998275 0.031693 -0.049414 0.000000 -0.040824 0.979673 -0.196405 6.292300 0.042185 0.198083 0.979277 0.090600 0.000000 0.000000 0.000000 1.000000
0.998165 0.032689 -0.050965 0.000000 -0.042042 0.979927 -0.194874 6.292300 0.043571 0.196659 0.979503 0.090600 0.000000 0.000000 0.000000 1.000000
0.998052 0.033739 -0.052481 -0.000000 -0.043335 0.980029 -0.194074 6.292300 0.044885 0.195971 0.979582 0.090600 0.000000 0.000000 0.000000 1.000000</float_array>
        <technique_common>
          <accessor source="#mixamorig6_Spine-Matrix-animation-output-transform-array" count="101" stride="16">
            <param type="float4x4"/>
          </accessor>
        </technique_common>
      </source>
      <source id="mixamorig6_Spine-Interpolations">
        <Name_array id="mixamorig6_Spine-Interpolations-array" count="101">
 LINEAR LINEAR LINEAR LINEAR LINEAR LINEAR LINEAR LINEAR LINEAR LINEAR LINEAR
LINEAR LINEAR LINEAR LINEAR LINEAR LINEAR LINEAR LINEAR LINEAR LINEAR LINEAR LINEAR
LINEAR LINEAR LINEAR LINEAR LINEAR LINEAR LINEAR LINEAR LINEAR LINEAR LINEAR LINEAR
LINEAR LINEAR LINEAR LINEAR LINEAR LINEAR LINEAR LINEAR LINEAR LINEAR LINEAR LINEAR
LINEAR LINEAR LINEAR LINEAR LINEAR LINEAR LINEAR LINEAR LINEAR LINEAR LINEAR LINEAR
LINEAR LINEAR LINEAR LINEAR LINEAR LINEAR LINEAR LINEAR LINEAR LINEAR LINEAR LINEAR
LINEAR LINEAR LINEAR LINEAR LINEAR LINEAR LINEAR LINEAR LINEAR LINEAR LINEAR LINEAR
LINEAR LINEAR LINEAR LINEAR LINEAR LINEAR LINEAR LINEAR LINEAR LINEAR LINEAR LINEAR
LINEAR LINEAR LINEAR LINEAR LINEAR LINEAR</Name_array>
        <technique_common>
          <accessor source="#mixamorig6_Spine-Interpolations-array" count="101">
            <param type="name"/>
          </accessor>
        </technique_common>
      </source>
      <sampler id="mixamorig6_Spine-Matrix-animation-transform">
        <input semantic="INPUT" source="#mixamorig6_Spine-Matrix-animation-input"/>
        <input semantic="OUTPUT" source="#mixamorig6_Spine-Matrix-animation-output-transform"/>
        <input semantic="INTERPOLATION" source="#mixamorig6_Spine-Interpolations"/>
      </sampler>
      <channel source="#mixamorig6_Spine-Matrix-animation-transform" target="mixamorig6_Spine/matrix"/>
    </animation>
    <animation id="mixamorig6_Spine1-anim" name="mixamorig6_Spine1">
      <source id="mixamorig6_Spine1-Matrix-animation-input">
        <float_array id="mixamorig6_Spine1-Matrix-animation-input-array" count="101">

0.000000 0.033333 0.066667 0.100000 0.133333 0.166667 0.200000 0.233333 0.266667 0.300000 0.333333 0.366667 0.400000 0.433333 0.466667 0.500000
0.533333 0.566667 0.600000 0.633333 0.666667 0.700000 0.733333 0.766667 0.800000 0.833333 0.866667 0.900000 0.933333 0.966667 1.000000 1.033333
1.066667 1.100000 1.133333 1.166667 1.200000 1.233333 1.266667 1.300000 1.333333 1.366667 1.400000 1.433333 1.466667 1.500000 1.533333 1.566667
1.600000 1.633333 1.666667 1.700000 1.733333 1.766667 1.800000 1.833333 1.866667 1.900000 1.933333 1.966667 2.000000 2.033333 2.066667 2.100000
2.133333 2.166667 2.200000 2.233333 2.266667 2.300000 2.333333 2.366667 2.400000 2.433333 2.466667 2.500000 2.533333 2.566667 2.600000 2.633333
2.666667 2.700000 2.733333 2.766667 2.800000 2.833333 2.866667 2.900000 2.933333 2.966667 3.000000 3.033333 3.066667 3.100000 3.133333 3.166667
3.200000 3.233333 3.266667 3.300000 3.333333</float_array>
        <technique_common>
          <accessor source="#mixamorig6_Spine1-Matrix-animation-input-array" count="101">
            <param name="TIME" type="float"/>
          </accessor>
        </technique_common>
      </source>
      <source id="mixamorig6_Spine1-Matrix-animation-output-transform">
        <float_array id="mixamorig6_Spine1-Matrix-animation-output-transform-array" count="1616">

0.999918 0.012829 -0.000015 0.000000 -0.012592 0.981211 -0.192526 7.341700 -0.002455 0.192511 0.981292 -0.000000 0.000000 0.000000 0.000000 1.000000
0.999920 0.012646 0.000252 0.000000 -0.012359 0.981067 -0.193276 7.341700 -0.002692 0.193257 0.981144 0.000000 0.000000 0.000000 0.000000 1.000000
0.999917 0.012799 0.001355 -0.000000 -0.012294 0.980968 -0.193780 7.341700 -0.003810 0.193748 0.981044 0.000000 0.000000 0.000000 0.000000 1.000000
0.999909 0.013169 0.002822 -0.000000 -0.012372 0.980958 -0.193828 7.341700 -0.005321 0.193775 0.981031 -0.000000 0.000000 0.000000 0.000000 1.000000
0.999898 0.013636 0.004178 -0.000000 -0.012572 0.981078 -0.193207 7.341700 -0.006734 0.193135 0.981149 0.000000 0.000000 0.000000 0.000000 1.000000
0.999889 0.014079 0.004954 0.000000 -0.012869 0.981369 -0.191702 7.341700 -0.007560 0.191616 0.981441 -0.000000 0.000000 0.000000 0.000000 1.000000
0.999886 0.014378 0.004678 0.000000 -0.013234 0.981869 -0.189098 7.341700 -0.007312 0.189015 0.981947 -0.000000 0.000000 0.000000 0.000000 1.000000
0.999888 0.014744 0.002462 -0.000000 -0.014026 0.982371 -0.186412 7.341700 -0.005167 0.186357 0.982469 -0.000000 0.000000 0.000000 0.000000 1.000000
